VERNUM	Task	Concept	Var01	Var02	Var03	Var04	Var05	Var06	Var07
1	1	1	18	4	10	11	1	7	6103
1	1	2	5	6	8	8	2	3	8201
1	1	3	9	1	2	4	3	0	1302
1	1	4	22	2	6	1	4	0	3402
1	1	5	20	5	1	5	4	6	7401
1	2	1	15	5	11	3	1	1	7103
1	2	2	12	1	5	14	5	0	1501
1	2	3	6	7	9	13	5	4	9503
1	2	4	13	4	12	7	2	8	6201
1	2	5	11	3	3	10	3	2	5302
1	3	1	19	6	13	15	1	5	8102
1	3	2	7	7	2	9	3	1	9302
1	3	3	12	2	7	6	4	0	4403
1	3	4	4	1	1	17	2	0	1203
1	3	5	3	3	4	2	5	7	5501
1	4	1	10	3	9	6	2	2	5201
1	4	2	17	6	11	17	5	4	8503
1	4	3	2	5	5	11	3	5	7303
1	4	4	16	4	6	16	1	3	6102
1	4	5	1	2	8	12	4	0	4401
1	5	1	14	7	4	4	2	8	9202
1	5	2	11	2	12	8	3	0	4301
1	5	3	8	4	3	9	1	5	6101
1	5	4	1	6	7	3	4	6	8403
1	5	5	15	3	10	15	5	7	5502
1	6	1	21	2	3	6	4	0	2402
1	6	2	7	4	11	5	3	2	6303
1	6	3	3	5	8	3	1	6	7102
1	6	4	6	6	9	3	2	7	8201
1	6	5	5	1	10	7	2	0	1203
1	7	1	4	3	7	7	4	2	5403
1	7	2	11	4	11	5	5	4	6502
1	7	3	14	1	10	2	3	0	1301
1	7	4	13	7	9	14	2	1	9203
1	7	5	7	5	13	10	1	8	7102
1	8	1	7	2	5	1	4	0	4401
1	8	2	5	7	1	12	5	3	9502
1	8	3	1	5	13	13	1	6	7103
1	8	4	8	6	6	5	2	1	8202
1	8	5	20	1	12	16	3	0	1303
1	9	1	18	1	13	9	5	0	1502
1	9	2	3	5	8	3	2	3	7201
1	9	3	10	6	3	11	3	2	8302
1	9	4	18	2	2	17	4	0	4401
1	9	5	19	4	4	6	1	6	6103
1	10	1	12	5	9	15	4	4	7402
1	10	2	6	2	4	10	4	0	4403
1	10	3	16	7	7	12	1	7	9103
1	10	4	9	3	8	1	5	8	5501
1	10	5	6	1	5	13	3	0	1301
1	11	1	5	4	5	5	2	6	6202
1	11	2	17	1	11	5	4	0	1403
1	11	3	18	6	6	2	2	5	8202
1	11	4	4	5	5	3	4	2	7401
1	11	5	15	7	12	13	3	8	9301
1	12	1	12	7	1	4	1	7	9103
1	12	2	17	3	2	2	3	2	5302
1	12	3	8	5	12	16	2	3	7202
1	12	4	2	6	10	8	2	5	8201
1	12	5	7	4	6	14	5	8	6503
1	13	1	17	2	3	1	4	0	4402
1	13	2	10	1	9	3	1	0	1101
1	13	3	20	4	8	12	2	1	6203
1	13	4	11	7	11	7	3	6	9301
1	13	5	4	3	4	16	5	4	5503
1	14	1	6	7	12	14	4	3	9401
1	14	2	13	3	5	14	2	2	5201
1	14	3	1	1	10	3	5	0	1503
1	14	4	15	4	1	11	3	8	6302
1	14	5	3	6	3	2	1	5	8102
1	15	1	19	6	2	15	3	7	8301
1	15	2	18	3	7	7	1	1	5101
1	15	3	9	4	11	17	5	5	6502
1	15	4	14	5	6	13	2	4	7203
1	15	5	13	2	13	4	4	0	4402
2	1	1	17	7	10	5	1	1	9103
2	1	2	16	1	11	10	2	0	1202
2	1	3	2	5	7	8	3	6	7303
2	1	4	5	2	13	6	4	0	4401
2	1	5	5	6	5	9	5	3	8502
2	2	1	19	6	2	16	3	8	8303
2	2	2	4	1	12	9	2	0	1201
2	2	3	12	7	3	13	4	5	9403
2	2	4	10	4	6	1	1	4	6101
2	2	5	17	3	8	7	5	2	5502
2	3	1	7	6	11	12	1	4	8102
2	3	2	2	5	4	6	2	7	7202
2	3	3	13	3	2	11	4	3	5401
2	3	4	20	4	9	10	3	6	6303
2	3	5	16	2	1	5	5	0	4501
2	4	1	3	5	10	17	2	5	7203
2	4	2	21	2	1	4	4	0	2402
2	4	3	11	7	5	8	3	6	9301
2	4	4	18	1	9	15	5	0	1503
2	4	5	15	4	6	2	1	8	6102
2	5	1	9	1	13	1	5	0	1503
2	5	2	14	6	8	5	1	2	8101
2	5	3	16	7	4	15	2	7	9202
2	5	4	9	2	3	12	4	0	4403
2	5	5	1	3	12	17	3	1	5301
2	6	1	21	2	3	6	4	0	2402
2	6	2	7	4	11	5	3	2	6303
2	6	3	3	5	8	3	1	6	7102
2	6	4	6	6	9	3	2	7	8201
2	6	5	5	1	10	7	2	0	1203
2	7	1	6	1	8	6	2	0	1202
2	7	2	18	4	4	4	1	2	6102
2	7	3	2	2	11	2	3	0	4301
2	7	4	8	5	7	13	5	1	7503
2	7	5	5	7	9	8	4	7	9403
2	8	1	17	3	13	7	2	4	5202
2	8	2	14	2	6	10	5	0	4501
2	8	3	8	5	2	9	4	8	7403
2	8	4	7	6	1	16	3	3	8301
2	8	5	3	1	12	3	1	0	1103
2	9	1	20	6	10	8	5	1	8501
2	9	2	9	5	3	9	3	3	7303
2	9	3	5	7	7	11	1	5	9101
2	9	4	19	4	4	7	4	2	6402
2	9	5	13	3	5	14	2	6	5202
2	10	1	15	4	13	1	3	8	6303
2	10	2	2	6	1	11	2	5	8203
2	10	3	4	3	12	17	5	7	5501
2	10	4	1	5	9	5	1	6	7102
2	10	5	8	2	5	14	4	0	4401
2	11	1	5	4	5	5	2	6	6202
2	11	2	17	1	11	5	4	0	1403
2	11	3	18	6	6	2	2	5	8202
2	11	4	4	5	5	3	4	2	7401
2	11	5	15	7	12	13	3	8	9301
2	12	1	12	4	10	16	1	1	6103
2	12	2	14	7	8	10	4	4	9402
2	12	3	6	5	2	3	5	2	7502
2	12	4	16	1	11	15	2	0	1201
2	12	5	10	3	6	13	3	8	5303
2	13	1	4	2	7	6	3	0	4302
2	13	2	11	1	3	4	4	0	1401
2	13	3	2	3	11	10	1	4	5101
2	13	4	15	6	10	2	5	5	8502
2	13	5	1	7	5	12	2	3	9203
2	14	1	20	5	6	14	3	6	7301
2	14	2	6	4	1	15	1	3	6103
2	14	3	8	7	4	1	2	1	9202
2	14	4	13	1	12	13	4	0	1403
2	14	5	9	6	2	11	5	7	8502
2	15	1	7	3	13	3	4	4	5403
2	15	2	15	2	8	16	3	0	4301
2	15	3	10	5	9	7	2	7	7202
2	15	4	11	1	3	6	5	0	1501
2	15	5	17	6	7	9	1	2	8102
3	1	1	18	4	11	12	1	6	6102
3	1	2	10	2	2	5	4	0	4403
3	1	3	14	6	12	2	5	5	8503
3	1	4	12	7	5	8	3	8	9301
3	1	5	5	1	1	17	2	0	1201
3	2	1	3	2	6	1	3	0	4302
3	2	2	4	4	10	8	5	1	6503
3	2	3	3	7	7	4	4	8	9403
3	2	4	16	5	3	10	2	2	7201
3	2	5	19	3	8	15	1	5	5101
3	3	1	11	3	2	4	4	4	5402
3	3	2	14	6	9	13	3	7	8303
3	3	3	7	5	7	3	2	6	7203
3	3	4	10	1	13	2	5	0	1501
3	3	5	20	4	4	7	1	3	6102
3	4	1	20	2	9	14	3	0	4301
3	4	2	19	3	13	11	5	3	5501
3	4	3	9	7	4	12	2	7	9202
3	4	4	8	1	10	6	4	0	1402
3	4	5	18	6	8	16	1	2	8103
3	5	1	2	4	5	9	1	4	6102
3	5	2	19	2	6	17	4	0	4401
3	5	3	6	7	11	4	2	8	9203
3	5	4	12	5	3	5	5	5	7503
3	5	5	15	3	12	14	3	1	5302
3	6	1	21	2	3	6	4	0	2402
3	6	2	7	4	11	5	3	2	6303
3	6	3	3	5	8	3	1	6	7102
3	6	4	6	6	9	3	2	7	8201
3	6	5	5	1	10	7	2	0	1203
3	7	1	16	1	6	5	2	0	1203
3	7	2	13	4	10	17	3	4	6302
3	7	3	2	2	8	1	3	0	4302
3	7	4	5	5	1	7	5	6	7501
3	7	5	17	6	3	16	4	7	8401
3	8	1	4	6	13	8	5	6	8502
3	8	2	1	5	1	12	2	2	7203
3	8	3	3	7	4	9	1	8	9101
3	8	4	8	1	12	10	1	0	1103
3	8	5	19	2	2	2	4	0	4401
3	9	1	5	3	11	15	4	5	5402
3	9	2	21	2	5	11	3	0	2303
3	9	3	14	7	9	13	5	3	9503
3	9	4	11	6	1	3	2	4	8202
3	9	5	18	4	7	6	1	1	6101
3	10	1	2	4	9	3	2	6	6201
3	10	2	3	5	8	17	3	5	7301
3	10	3	13	3	7	2	4	3	5402
3	10	4	20	1	2	9	5	0	1503
3	10	5	16	7	13	7	1	8	9103
3	11	1	5	4	5	5	2	6	6202
3	11	2	17	1	11	5	4	0	1403
3	11	3	18	6	6	2	2	5	8202
3	11	4	4	5	5	3	4	2	7401
3	11	5	15	7	12	13	3	8	9301
3	12	1	9	7	3	11	2	7	9203
3	12	2	4	6	5	8	4	1	8401
3	12	3	11	2	11	16	5	0	4502
3	12	4	19	4	12	5	1	2	6101
3	12	5	15	1	6	6	3	0	1302
3	13	1	7	7	11	12	3	2	9303
3	13	2	22	2	9	10	3	0	3301
3	13	3	12	5	4	14	4	4	7403
3	13	4	6	3	10	9	2	8	5202
3	13	5	10	4	1	1	5	6	6501
3	14	1	6	1	5	11	5	0	1502
3	14	2	3	5	12	4	2	1	7203
3	14	3	19	4	3	8	1	7	6103
3	14	4	17	3	10	13	1	3	5102
3	14	5	1	6	6	15	4	5	8401
3	15	1	4	2	7	17	4	0	4401
3	15	2	12	6	13	10	1	6	8102
3	15	3	10	5	4	6	5	4	7501
3	15	4	7	7	8	5	2	7	9203
3	15	5	16	1	2	16	3	0	1302
4	1	1	13	6	5	15	5	1	8502
4	1	2	11	7	8	14	2	3	9202
4	1	3	14	5	9	3	1	8	7103
4	1	4	15	4	7	2	4	5	6403
4	1	5	2	3	6	13	3	2	5301
4	2	1	8	1	10	12	5	0	1502
4	2	2	1	6	2	14	1	8	8102
4	2	3	3	2	1	4	5	0	4503
4	2	4	4	5	4	7	2	2	7201
4	2	5	18	3	12	1	3	7	5301
4	3	1	17	4	3	3	1	6	6102
4	3	2	9	3	2	10	3	3	5303
4	3	3	5	2	11	12	5	0	4503
4	3	4	20	7	9	7	2	1	9201
4	3	5	5	1	13	15	4	0	1401
4	4	1	11	5	4	1	3	7	7303
4	4	2	19	1	12	9	4	0	1402
4	4	3	12	2	13	8	4	0	4403
4	4	4	12	4	11	17	1	5	6101
4	4	5	9	7	10	13	2	4	9202
4	5	1	10	5	5	16	2	3	7201
4	5	2	2	6	3	11	1	6	8102
4	5	3	14	2	8	5	5	0	4503
4	5	4	13	4	6	2	3	1	6303
4	5	5	17	3	7	6	4	5	5401
4	6	1	21	2	3	6	4	0	2402
4	6	2	7	4	11	5	3	2	6303
4	6	3	3	5	8	3	1	6	7102
4	6	4	6	6	9	3	2	7	8201
4	6	5	5	1	10	7	2	0	1203
4	7	1	10	2	13	15	3	0	4301
4	7	2	8	7	5	9	1	8	9102
4	7	3	5	3	10	16	4	2	5401
4	7	4	7	6	1	4	5	4	8502
4	7	5	16	1	8	11	2	0	1203
4	8	1	1	7	1	12	4	5	9403
4	8	2	20	4	7	3	5	8	6501
4	8	3	4	6	12	13	2	4	8202
4	8	4	3	1	3	8	1	0	1103
4	8	5	14	3	4	6	3	2	5302
4	9	1	15	5	9	14	3	6	7301
4	9	2	17	7	8	1	2	8	9203
4	9	3	18	6	11	17	5	1	8502
4	9	4	12	4	6	2	4	3	6401
4	9	5	6	3	2	10	1	7	5103
4	10	1	19	3	7	3	2	7	5202
4	10	2	3	1	4	4	5	0	1502
4	10	3	5	6	13	6	1	1	8101
4	10	4	15	2	3	5	4	0	4403
4	10	5	13	5	11	7	3	5	7301
4	11	1	5	4	5	5	2	6	6202
4	11	2	17	1	11	5	4	0	1403
4	11	3	18	6	6	2	2	5	8202
4	11	4	4	5	5	3	4	2	7401
4	11	5	15	7	12	13	3	8	9301
4	12	1	16	7	9	7	4	3	9401
4	12	2	20	4	10	15	2	4	6202
4	12	3	8	5	12	2	5	2	7503
4	12	4	16	2	1	5	3	0	4303
4	12	5	18	1	5	12	1	0	1101
4	13	1	15	1	9	11	3	0	1303
4	13	2	9	3	8	13	4	1	5403
4	13	3	7	5	7	9	5	3	7502
4	13	4	11	7	2	17	2	4	9201
4	13	5	4	6	6	10	1	6	8102
4	14	1	1	7	2	8	2	8	9201
4	14	2	17	2	5	16	5	0	4502
4	14	3	14	6	11	1	1	2	8102
4	14	4	10	4	3	4	4	7	6401
4	14	5	2	1	13	14	3	0	1303
4	15	1	1	6	1	7	5	1	8503
4	15	2	6	5	6	9	2	5	7202
4	15	3	19	3	12	2	4	8	5402
4	15	4	5	4	4	13	1	6	6101
4	15	5	6	2	10	11	3	0	4303
5	1	1	8	2	10	16	3	0	4303
5	1	2	7	4	6	5	4	3	6402
5	1	3	4	5	1	17	2	2	7203
5	1	4	10	7	5	3	5	4	9501
5	1	5	9	1	2	14	3	0	1301
5	2	1	12	7	11	1	4	7	9401
5	2	2	20	4	8	10	1	2	6102
5	2	3	9	2	3	12	5	0	4503
5	2	4	17	3	7	8	1	6	5101
5	2	5	16	6	13	15	2	5	8202
5	3	1	1	2	11	13	3	0	4303
5	3	2	8	7	5	2	5	7	9501
5	3	3	15	3	4	6	3	1	5302
5	3	4	14	5	12	1	2	4	7201
5	3	5	6	1	9	4	4	0	1403
5	4	1	18	3	4	3	1	6	5102
5	4	2	2	5	12	5	4	3	7401
5	4	3	13	6	8	7	1	8	8103
5	4	4	3	4	13	8	5	5	6503
5	4	5	11	1	7	9	2	0	1202
5	5	1	18	2	1	14	3	0	4303
5	5	2	10	1	9	16	1	0	1102
5	5	3	14	6	2	17	3	8	8302
5	5	4	2	5	6	4	2	4	7201
5	5	5	20	3	10	11	4	7	5401
5	6	1	21	2	3	6	4	0	2402
5	6	2	7	4	11	5	3	2	6303
5	6	3	3	5	8	3	1	6	7102
5	6	4	6	6	9	3	2	7	8201
5	6	5	5	1	10	7	2	0	1203
5	7	1	20	2	6	12	4	0	4402
5	7	2	12	7	4	10	1	3	9103
5	7	3	6	4	3	15	5	6	6502
5	7	4	18	5	9	14	5	2	7501
5	7	5	17	6	5	6	2	1	8201
5	8	1	16	1	13	3	4	0	1401
5	8	2	19	6	3	16	5	2	8501
5	8	3	11	7	12	1	2	8	9202
5	8	4	1	3	7	8	1	6	5103
5	8	5	4	4	2	13	3	5	6303
5	9	1	13	3	1	17	3	3	5301
5	9	2	13	2	9	10	5	0	4502
5	9	3	8	5	8	4	1	5	7103
5	9	4	9	4	11	2	2	7	6203
5	9	5	7	1	10	7	4	0	1402
5	10	1	15	7	12	6	5	4	9502
5	10	2	9	5	2	11	3	7	7303
5	10	3	5	4	10	12	1	1	6101
5	10	4	7	2	8	5	4	0	4403
5	10	5	3	6	7	15	2	6	8201
5	11	1	5	4	5	5	2	6	6202
5	11	2	17	1	11	5	4	0	1403
5	11	3	18	6	6	2	2	5	8202
5	11	4	4	5	5	3	4	2	7401
5	11	5	15	7	12	13	3	8	9301
5	12	1	10	4	6	7	1	2	6102
5	12	2	16	7	11	14	2	4	9201
5	12	3	4	3	13	6	5	5	5503
5	12	4	3	1	5	9	3	0	1302
5	12	5	8	2	3	8	4	0	4401
5	13	1	17	5	4	16	1	1	7103
5	13	2	20	6	7	4	4	2	8403
5	13	3	1	1	1	12	3	0	1302
5	13	4	12	7	9	15	5	3	9502
5	13	5	2	3	2	2	2	8	5201
5	14	1	14	7	5	10	4	6	9401
5	14	2	13	1	11	3	5	0	1502
5	14	3	19	4	13	17	2	7	6203
5	14	4	17	2	1	1	3	0	4303
5	14	5	11	3	12	9	3	3	5302
5	15	1	6	3	3	14	1	3	5102
5	15	2	15	5	10	13	2	8	7202
5	15	3	7	7	4	5	5	1	9503
5	15	4	5	4	8	14	4	5	6401
5	15	5	18	6	6	11	1	4	8101
6	1	1	19	7	9	9	2	7	9203
6	1	2	15	1	7	4	1	0	1101
6	1	3	2	6	5	6	3	5	8301
6	1	4	8	5	13	10	5	1	7503
6	1	5	19	2	11	17	5	0	4502
6	2	1	13	5	6	5	4	4	7403
6	2	2	6	2	3	12	4	0	4402
6	2	3	16	4	1	15	1	8	6101
6	2	4	1	1	10	11	2	0	1202
6	2	5	3	6	2	16	3	6	8301
6	3	1	6	3	4	7	2	2	5203
6	3	2	9	5	3	17	4	1	7403
6	3	3	20	4	8	2	1	8	6102
6	3	4	16	2	5	1	3	0	4302
6	3	5	11	7	12	13	5	7	9501
6	4	1	11	2	4	9	5	0	4501
6	4	2	10	3	1	3	4	5	5401
6	4	3	7	1	7	8	1	0	1103
6	4	4	8	6	6	1	3	2	8302
6	4	5	5	7	8	10	2	3	9203
6	5	1	18	3	2	12	2	4	5202
6	5	2	4	4	13	7	5	1	6501
6	5	3	12	6	11	15	1	6	8103
6	5	4	14	5	9	11	3	3	7302
6	5	5	17	1	10	16	4	0	1403
6	6	1	21	2	3	6	4	0	2402
6	6	2	7	4	11	5	3	2	6303
6	6	3	3	5	8	3	1	6	7102
6	6	4	6	6	9	3	2	7	8201
6	6	5	5	1	10	7	2	0	1203
6	7	1	15	1	10	6	2	0	1203
6	7	2	19	4	11	5	5	5	6501
6	7	3	5	6	9	4	1	4	8102
6	7	4	18	3	12	8	4	7	5401
6	7	5	8	5	3	3	3	2	7303
6	8	1	14	1	2	10	3	0	1302
6	8	2	22	2	5	2	5	0	3501
6	8	3	1	6	8	6	2	7	8201
6	8	4	13	3	6	8	1	6	5103
6	8	5	4	7	7	13	4	8	9402
6	9	1	10	5	1	16	5	8	7503
6	9	2	11	1	7	9	2	0	1202
6	9	3	1	2	13	13	3	0	4302
6	9	4	3	7	12	7	4	4	9401
6	9	5	9	4	4	1	1	5	6101
6	10	1	7	4	4	14	3	1	6301
6	10	2	16	6	1	3	1	3	8103
6	10	3	10	2	8	17	5	0	4502
6	10	4	6	3	11	11	2	2	5201
6	10	5	12	5	6	2	4	6	7403
6	11	1	5	4	5	5	2	6	6202
6	11	2	17	1	11	5	4	0	1403
6	11	3	18	6	6	2	2	5	8202
6	11	4	4	5	5	3	4	2	7401
6	11	5	15	7	12	13	3	8	9301
6	12	1	2	5	12	5	4	6	7401
6	12	2	20	7	2	4	2	5	9203
6	12	3	7	3	13	7	1	4	5103
6	12	4	17	4	5	15	3	1	6302
6	12	5	14	6	3	12	5	7	8502
6	13	1	11	7	6	13	1	2	9101
6	13	2	15	2	10	11	5	0	4502
6	13	3	19	4	1	1	3	3	6301
6	13	4	13	3	8	5	4	8	5403
6	13	5	1	1	9	6	2	0	1203
6	14	1	5	7	13	10	2	2	9203
6	14	2	9	6	7	9	3	5	8303
6	14	3	12	2	9	2	4	0	4402
6	14	4	2	5	2	14	5	4	7501
6	14	5	4	1	11	8	1	0	1102
6	15	1	3	7	4	15	4	8	9401
6	15	2	8	5	12	4	3	1	7301
6	15	3	15	1	3	16	1	0	1102
6	15	4	17	6	10	12	2	3	8203
6	15	5	16	3	5	17	5	7	5502
7	1	1	18	3	9	2	3	1	5302
7	1	2	10	1	11	8	2	0	1202
7	1	3	5	2	12	3	4	0	4401
7	1	4	6	4	10	7	1	6	6103
7	1	5	20	5	13	12	5	2	7503
7	2	1	3	4	1	13	3	8	6302
7	2	2	11	7	5	11	1	3	9103
7	2	3	10	1	6	14	2	0	1203
7	2	4	12	6	2	15	4	5	8401
7	2	5	13	2	8	4	5	0	4501
7	3	1	13	5	3	17	4	7	7402
7	3	2	16	7	4	6	1	6	9101
7	3	3	4	4	10	1	2	4	6201
7	3	4	14	2	7	3	3	0	4303
7	3	5	20	6	5	16	5	8	8502
7	4	1	19	5	8	8	4	3	7402
7	4	2	18	6	4	15	2	6	8203
7	4	3	6	1	6	5	1	0	1103
7	4	4	5	3	11	10	5	4	5502
7	4	5	14	4	3	9	3	5	6301
7	5	1	3	2	12	17	5	0	4503
7	5	2	2	3	9	11	2	1	5201
7	5	3	12	4	1	7	4	2	6401
7	5	4	9	1	2	10	1	0	1102
7	5	5	7	7	7	3	3	7	9302
7	6	1	21	2	3	6	4	0	2402
7	6	2	7	4	11	5	3	2	6303
7	6	3	3	5	8	3	1	6	7102
7	6	4	6	6	9	3	2	7	8201
7	6	5	5	1	10	7	2	0	1203
7	7	1	1	6	12	1	4	3	8402
7	7	2	8	5	13	13	2	8	7201
7	7	3	20	2	4	16	5	0	4501
7	7	4	15	7	6	5	5	6	9503
7	7	5	17	3	7	4	1	4	5103
7	8	1	8	4	1	2	2	7	6201
7	8	2	17	1	13	6	4	0	1403
7	8	3	15	3	10	9	1	2	5102
7	8	4	18	2	11	14	5	0	4503
7	8	5	4	7	8	12	3	5	9302
7	9	1	10	1	9	12	4	0	1402
7	9	2	2	2	4	1	3	0	4302
7	9	3	1	5	5	16	3	1	7301
7	9	4	13	6	3	6	2	8	8203
7	9	5	3	4	2	15	1	2	6101
7	10	1	5	5	13	5	1	5	7102
7	10	2	7	3	12	7	4	4	5401
7	10	3	12	7	6	14	5	6	9503
7	10	4	7	2	5	17	3	0	4301
7	10	5	19	6	2	11	3	7	8303
7	11	1	5	4	5	5	2	6	6202
7	11	2	17	1	11	5	4	0	1403
7	11	3	18	6	6	2	2	5	8202
7	11	4	4	5	5	3	4	2	7401
7	11	5	15	7	12	13	3	8	9301
7	12	1	6	5	10	2	1	1	7103
7	12	2	18	3	3	13	4	2	5402
7	12	3	14	6	11	10	2	3	8201
7	12	4	2	4	7	8	2	8	6203
7	12	5	16	7	9	3	5	4	9501
7	13	1	9	6	8	4	3	6	8303
7	13	2	11	1	1	9	2	0	1202
7	13	3	12	5	13	14	1	5	7102
7	13	4	3	7	7	11	4	3	9401
7	13	5	20	4	6	13	5	1	6501
7	14	1	9	1	11	17	1	0	1102
7	14	2	7	7	2	9	2	8	9203
7	14	3	8	3	3	16	3	7	5301
7	14	4	21	2	5	7	5	0	2503
7	14	5	14	4	4	8	4	6	6402
7	15	1	9	2	12	2	4	0	4403
7	15	2	6	1	8	8	1	0	1101
7	15	3	4	6	10	6	3	3	8302
7	15	4	20	5	1	15	2	1	7202
7	15	5	15	3	9	5	5	4	5501
8	1	1	18	5	4	10	4	7	7401
8	1	2	10	7	10	12	1	2	9102
8	1	3	1	3	8	3	3	5	5303
8	1	4	4	2	3	4	5	0	4502
8	1	5	13	1	13	1	5	0	1503
8	2	1	2	5	9	1	3	4	7302
8	2	2	19	3	5	3	2	3	5203
8	2	3	16	1	12	4	1	0	1101
8	2	4	11	6	1	14	2	7	8203
8	2	5	17	4	11	6	4	2	6401
8	3	1	4	2	6	16	5	0	4501
8	3	2	2	4	3	7	1	8	6102
8	3	3	5	7	2	10	2	6	9202
8	3	4	3	1	12	17	3	0	1301
8	3	5	9	6	7	12	4	5	8403
8	4	1	22	2	5	11	3	0	3301
8	4	2	14	5	4	9	5	2	7501
8	4	3	13	3	1	2	1	5	5103
8	4	4	20	6	9	15	4	1	8403
8	4	5	8	7	7	5	2	4	9202
8	5	1	19	6	8	6	1	6	8102
8	5	2	15	5	11	7	2	3	7203
8	5	3	6	3	6	15	4	8	5402
8	5	4	11	4	13	13	3	1	6303
8	5	5	16	7	10	16	5	7	9501
8	6	1	21	2	3	6	4	0	2402
8	6	2	7	4	11	5	3	2	6303
8	6	3	3	5	8	3	1	6	7102
8	6	4	6	6	9	3	2	7	8201
8	6	5	5	1	10	7	2	0	1203
8	7	1	10	2	12	10	4	0	4401
8	7	2	17	1	11	11	1	0	1103
8	7	3	7	3	13	5	3	8	5303
8	7	4	10	6	8	14	2	2	8201
8	7	5	1	4	2	2	5	5	6502
8	8	1	13	2	7	17	3	0	4301
8	8	2	12	1	9	4	1	0	1102
8	8	3	5	7	1	1	2	1	9201
8	8	4	18	5	3	12	4	7	7402
8	8	5	4	4	6	13	5	6	6503
8	9	1	8	7	4	8	3	2	9301
8	9	2	18	4	10	9	5	3	6502
8	9	3	6	6	5	3	1	4	8103
8	9	4	19	2	12	14	4	0	4402
8	9	5	15	1	2	2	2	0	1203
8	10	1	7	6	1	10	4	7	8401
8	10	2	3	5	11	3	2	8	7202
8	10	3	4	1	13	4	5	0	1501
8	10	4	10	4	10	12	1	5	6102
8	10	5	20	3	5	9	3	1	5303
8	11	1	5	4	5	5	2	6	6202
8	11	2	17	1	11	5	4	0	1403
8	11	3	18	6	6	2	2	5	8202
8	11	4	4	5	5	3	4	2	7401
8	11	5	15	7	12	13	3	8	9301
8	12	1	2	2	6	13	5	0	4503
8	12	2	12	5	4	6	2	4	7201
8	12	3	5	4	9	7	4	8	6402
8	12	4	9	3	7	15	1	3	5102
8	12	5	17	7	8	8	3	6	9303
8	13	1	19	6	9	16	1	6	8102
8	13	2	11	5	4	5	2	1	7203
8	13	3	1	7	2	11	3	4	9301
8	13	4	14	1	12	17	4	0	1401
8	13	5	15	2	3	1	5	0	4503
8	14	1	13	3	2	15	3	3	5302
8	14	2	7	2	6	6	5	0	4501
8	14	3	20	6	8	11	4	5	8403
8	14	4	2	7	3	1	2	7	9203
8	14	5	16	5	5	4	1	2	7102
8	15	1	11	2	1	9	5	0	4502
8	15	2	14	3	11	13	4	7	5402
8	15	3	9	7	7	3	3	2	9301
8	15	4	19	4	10	7	1	5	6101
8	15	5	1	1	13	17	2	0	1203
9	1	1	3	3	6	14	1	8	5102
9	1	2	5	4	5	10	5	6	6501
9	1	3	12	6	7	12	4	1	8403
9	1	4	2	1	3	16	2	0	1201
9	1	5	17	5	13	2	3	3	7303
9	2	1	16	2	9	5	4	0	4403
9	2	2	4	1	2	10	5	0	1502
9	2	3	8	3	12	8	1	4	5102
9	2	4	11	7	10	14	3	2	9301
9	2	5	6	4	1	11	2	1	6201
9	3	1	10	5	11	4	2	8	7202
9	3	2	16	6	8	16	1	3	8103
9	3	3	15	4	4	17	5	5	6501
9	3	4	8	2	10	8	4	0	4402
9	3	5	18	7	13	7	3	7	9303
9	4	1	7	1	2	9	5	0	1501
9	4	2	11	5	4	13	4	6	7402
9	4	3	17	6	5	6	2	5	8201
9	4	4	6	7	1	12	1	1	9103
9	4	5	13	3	6	1	3	4	5303
9	5	1	1	6	12	17	1	3	8102
9	5	2	4	1	3	2	4	0	1403
9	5	3	14	4	7	5	5	2	6503
9	5	4	20	3	8	3	2	6	5202
9	5	5	18	2	9	15	3	0	4301
9	6	1	21	2	3	6	4	0	2402
9	6	2	7	4	11	5	3	2	6303
9	6	3	3	5	8	3	1	6	7102
9	6	4	6	6	9	3	2	7	8201
9	6	5	5	1	10	7	2	0	1203
9	7	1	12	7	7	13	3	4	9303
9	7	2	15	5	11	1	5	7	7501
9	7	3	5	2	5	5	4	0	4401
9	7	4	2	6	10	3	2	8	8202
9	7	5	7	1	13	9	1	0	1102
9	8	1	19	4	1	15	2	6	6203
9	8	2	18	1	9	16	5	0	1501
9	8	3	13	5	6	4	1	4	7101
9	8	4	14	2	4	12	3	0	4303
9	8	5	3	3	12	2	4	7	5402
9	9	1	5	6	8	11	1	8	8102
9	9	2	8	3	3	10	5	2	5501
9	9	3	9	7	11	14	3	3	9303
9	9	4	10	4	2	8	4	1	6403
9	9	5	16	5	12	6	2	5	7201
9	10	1	21	2	11	1	3	0	2301
9	10	2	8	4	13	5	4	8	6402
9	10	3	18	7	3	13	1	4	9101
9	10	4	11	3	4	16	5	3	5503
9	10	5	10	5	8	7	2	5	7202
9	11	1	5	4	5	5	2	6	6202
9	11	2	17	1	11	5	4	0	1403
9	11	3	18	6	6	2	2	5	8202
9	11	4	4	5	5	3	4	2	7401
9	11	5	15	7	12	13	3	8	9301
9	12	1	1	1	6	3	5	0	1503
9	12	2	6	2	5	7	4	0	4403
9	12	3	2	4	7	4	2	6	6201
9	12	4	19	6	10	15	3	1	8302
9	12	5	6	3	1	11	1	2	5102
9	13	1	16	6	12	2	5	8	8502
9	13	2	17	1	2	6	2	0	1201
9	13	3	20	7	8	17	4	6	9402
9	13	4	15	5	9	12	3	7	7303
9	13	5	12	3	11	14	1	1	5101
9	14	1	3	2	1	13	4	0	4403
9	14	2	14	6	10	8	3	5	8301
9	14	3	4	4	6	3	2	2	6202
9	14	4	3	7	9	9	1	4	9102
9	14	5	5	5	5	10	5	3	7503
9	15	1	7	3	2	6	1	7	5102
9	15	2	17	2	13	15	4	0	4403
9	15	3	3	7	7	1	5	5	9501
9	15	4	9	1	4	9	4	0	1401
9	15	5	13	6	3	10	3	6	8303
10	1	1	20	4	2	11	1	1	6103
10	1	2	2	5	8	4	2	7	7202
10	1	3	1	7	5	7	2	2	9202
10	1	4	12	3	6	17	5	8	5503
10	1	5	19	1	7	16	3	0	1301
10	2	1	7	1	13	5	3	0	1302
10	2	2	13	5	10	8	1	4	7101
10	2	3	4	4	4	14	2	1	6202
10	2	4	20	2	12	2	5	0	4503
10	2	5	6	6	1	12	4	3	8401
10	3	1	12	2	12	13	4	0	4401
10	3	2	9	4	3	1	5	3	6502
10	3	3	8	1	1	15	2	0	1203
10	3	4	18	6	11	1	1	4	8101
10	3	5	5	5	9	11	3	8	7303
10	4	1	10	6	6	6	2	5	8201
10	4	2	14	1	9	16	1	0	1101
10	4	3	17	3	2	4	3	6	5303
10	4	4	16	7	11	17	5	2	9502
10	4	5	15	4	10	12	4	7	6402
10	5	1	11	5	13	8	1	5	7103
10	5	2	14	3	8	3	4	1	5401
10	5	3	5	7	7	5	2	6	9202
10	5	4	18	6	4	9	3	3	8302
10	5	5	1	2	5	7	5	0	4503
10	6	1	21	2	3	6	4	0	2402
10	6	2	7	4	11	5	3	2	6303
10	6	3	3	5	8	3	1	6	7102
10	6	4	6	6	9	3	2	7	8201
10	6	5	5	1	10	7	2	0	1203
10	7	1	16	4	9	10	2	8	6202
10	7	2	7	7	3	2	5	4	9503
10	7	3	3	3	13	15	4	7	5401
10	7	4	10	1	1	11	3	0	1303
10	7	5	1	5	7	14	1	2	7101
10	8	1	13	3	3	7	3	1	5302
10	8	2	6	6	4	3	2	3	8203
10	8	3	2	4	5	10	5	7	6502
10	8	4	9	5	8	9	1	2	7101
10	8	5	9	2	2	5	4	0	4401
10	9	1	8	2	11	13	5	0	4501
10	9	2	11	7	12	16	1	6	9102
10	9	3	17	1	10	14	3	0	1303
10	9	4	20	6	13	4	4	5	8402
10	9	5	4	5	6	2	2	8	7203
10	10	1	19	1	5	12	1	0	1101
10	10	2	1	2	3	8	3	0	4303
10	10	3	15	3	6	3	5	2	5501
10	10	4	12	7	8	17	2	4	9202
10	10	5	8	4	1	6	4	8	6403
10	11	1	5	4	5	5	2	6	6202
10	11	2	17	1	11	5	4	0	1403
10	11	3	18	6	6	2	2	5	8202
10	11	4	4	5	5	3	4	2	7401
10	11	5	15	7	12	13	3	8	9301
10	12	1	2	3	11	6	2	7	5201
10	12	2	3	7	2	9	5	3	9502
10	12	3	16	2	9	1	3	0	4303
10	12	4	13	5	12	13	4	5	7403
10	12	5	8	4	10	16	1	4	6102
10	13	1	11	4	1	10	2	6	6202
10	13	2	9	1	7	7	1	0	1101
10	13	3	17	5	10	5	4	8	7402
10	13	4	20	2	12	15	3	0	4301
10	13	5	6	6	4	14	5	1	8503
10	14	1	16	7	6	17	3	5	9303
10	14	2	20	3	2	8	5	3	5501
10	14	3	18	1	4	4	1	0	1102
10	14	4	7	6	5	12	4	6	8403
10	14	5	19	5	8	11	2	4	7201
10	15	1	4	4	11	10	5	1	6503
10	15	2	13	2	9	12	5	0	4502
10	15	3	1	7	13	8	1	2	9101
10	15	4	12	3	3	2	3	7	5302
10	15	5	5	1	7	13	4	0	1403
11	1	1	10	6	12	14	2	6	8201
11	1	2	7	2	8	2	3	0	4303
11	1	3	14	3	7	7	3	4	5302
11	1	4	17	1	3	17	4	0	1401
11	1	5	15	5	13	16	1	1	7103
11	2	1	16	4	11	6	2	7	6202
11	2	2	1	3	4	4	2	8	5202
11	2	3	12	1	9	1	1	0	1101
11	2	4	20	6	5	5	5	3	8503
11	2	5	10	7	2	11	4	2	9401
11	3	1	14	4	1	9	5	7	6503
11	3	2	5	6	6	3	2	5	8201
11	3	3	7	5	13	10	3	8	7302
11	3	4	19	7	9	11	1	3	9101
11	3	5	4	2	10	15	4	0	4402
11	4	1	8	7	11	8	4	5	9402
11	4	2	15	1	1	16	5	0	1502
11	4	3	4	4	5	14	1	2	6103
11	4	4	18	5	6	1	2	6	7203
11	4	5	14	2	4	15	3	0	4301
11	5	1	13	6	7	13	2	1	8201
11	5	2	2	1	8	12	4	0	1401
11	5	3	6	5	3	12	3	5	7303
11	5	4	9	7	2	4	1	7	9102
11	5	5	3	3	12	7	5	4	5503
11	6	1	21	2	3	6	4	0	2402
11	6	2	7	4	11	5	3	2	6303
11	6	3	3	5	8	3	1	6	7102
11	6	4	6	6	9	3	2	7	8201
11	6	5	5	1	10	7	2	0	1203
11	7	1	6	2	10	6	5	0	4501
11	7	2	4	1	2	3	2	0	1201
11	7	3	12	4	6	17	4	3	6403
11	7	4	11	3	3	5	1	2	5102
11	7	5	7	6	5	2	3	1	8302
11	8	1	16	6	1	7	3	1	8302
11	8	2	10	2	10	3	4	0	4401
11	8	3	9	4	9	9	5	4	6503
11	8	4	6	3	12	8	1	8	5102
11	8	5	5	5	7	2	2	6	7203
11	9	1	9	2	5	4	3	0	4301
11	9	2	15	6	8	16	3	6	8303
11	9	3	17	4	11	15	4	8	6402
11	9	4	18	3	4	13	2	7	5203
11	9	5	1	7	13	17	5	4	9501
11	10	1	13	4	9	10	2	5	6201
11	10	2	20	7	4	5	1	2	9101
11	10	3	17	2	10	6	3	0	4302
11	10	4	11	5	1	9	5	3	7502
11	10	5	14	1	6	11	4	0	1403
11	11	1	5	4	5	5	2	6	6202
11	11	2	17	1	11	5	4	0	1403
11	11	3	18	6	6	2	2	5	8202
11	11	4	4	5	5	3	4	2	7401
11	11	5	15	7	12	13	3	8	9301
11	12	1	2	1	7	14	4	0	1401
11	12	2	19	5	11	13	2	2	7203
11	12	3	8	3	2	1	1	6	5103
11	12	4	3	6	3	12	5	8	8502
11	12	5	10	7	13	9	1	4	9102
11	13	1	4	6	1	15	2	5	8201
11	13	2	1	7	3	2	1	1	9102
11	13	3	3	4	12	5	5	3	6501
11	13	4	19	2	6	8	4	0	4403
11	13	5	12	5	8	3	3	7	7303
11	14	1	11	2	5	7	3	0	4303
11	14	2	6	7	9	4	4	6	9403
11	14	3	13	3	13	14	2	3	5201
11	14	4	17	6	8	1	1	8	8101
11	14	5	11	1	10	6	5	0	1502
11	15	1	9	1	12	11	1	0	1102
11	15	2	14	4	11	10	2	4	6202
11	15	3	20	6	2	5	4	7	8401
11	15	4	8	5	4	16	5	1	7503
11	15	5	15	3	7	17	3	2	5301
12	1	1	18	7	9	11	3	7	9303
12	1	2	7	3	11	7	2	4	5202
12	1	3	10	4	8	3	4	5	6402
12	1	4	2	5	13	2	5	1	7501
12	1	5	16	1	3	14	1	0	1103
12	2	1	19	4	12	12	5	6	6501
12	2	2	15	5	1	17	4	2	7403
12	2	3	5	3	4	13	2	8	5202
12	2	4	22	2	10	6	3	0	3303
12	2	5	18	6	5	16	1	3	8101
12	3	1	21	2	7	8	4	0	2402
12	3	2	1	7	6	10	1	5	9103
12	3	3	11	6	4	1	5	1	8502
12	3	4	9	1	2	15	2	0	1201
12	3	5	2	4	10	9	3	3	6301
12	4	1	20	7	7	15	1	7	9101
12	4	2	16	1	8	1	4	0	1402
12	4	3	12	5	9	2	3	5	7303
12	4	4	5	2	11	4	5	0	4502
12	4	5	10	3	12	10	2	6	5203
12	5	1	7	3	6	14	1	4	5103
12	5	2	2	2	2	16	5	0	4501
12	5	3	19	7	5	4	3	3	9302
12	5	4	6	5	3	13	2	8	7203
12	5	5	14	6	1	11	4	2	8402
12	6	1	21	2	3	6	4	0	2402
12	6	2	7	4	11	5	3	2	6303
12	6	3	3	5	8	3	1	6	7102
12	6	4	6	6	9	3	2	7	8201
12	6	5	5	1	10	7	2	0	1203
12	7	1	15	2	2	6	4	0	4403
12	7	2	5	7	9	7	5	4	9503
12	7	3	4	1	13	3	1	0	1101
12	7	4	17	5	8	17	2	1	7201
12	7	5	13	4	3	5	3	5	6302
12	8	1	4	7	4	2	1	2	9102
12	8	2	3	4	11	9	2	7	6201
12	8	3	8	1	6	12	3	0	1302
12	8	4	19	6	7	8	5	6	8503
12	8	5	1	3	12	5	4	8	5401
12	9	1	6	3	1	13	2	2	5201
12	9	2	13	1	4	7	5	0	1503
12	9	3	20	4	10	12	1	3	6101
12	9	4	3	2	13	1	3	0	4302
12	9	5	10	5	5	11	4	6	7403
12	10	1	17	6	7	10	1	4	8102
12	10	2	5	4	11	16	5	8	6501
12	10	3	8	1	6	15	4	0	1403
12	10	4	2	3	13	9	2	7	5201
12	10	5	11	5	5	14	3	5	7302
12	11	1	5	4	5	5	2	6	6202
12	11	2	17	1	11	5	4	0	1403
12	11	3	18	6	6	2	2	5	8202
12	11	4	4	5	5	3	4	2	7401
12	11	5	15	7	12	13	3	8	9301
12	12	1	18	2	1	4	5	0	4502
12	12	2	16	7	12	8	1	4	9101
12	12	3	18	4	3	6	4	5	6402
12	12	4	14	6	8	3	3	1	8303
12	12	5	9	1	9	17	2	0	1203
12	13	1	12	2	9	16	3	0	4303
12	13	2	15	5	3	17	5	8	7503
12	13	3	3	6	2	15	2	2	8202
12	13	4	7	7	10	6	4	7	9401
12	13	5	12	3	7	7	1	3	5101
12	14	1	13	2	1	11	5	0	4502
12	14	2	3	7	6	5	1	6	9101
12	14	3	14	5	12	13	4	1	7403
12	14	4	17	4	5	4	3	2	6301
12	14	5	12	1	11	12	2	0	1202
12	15	1	13	1	2	8	3	0	1302
12	15	2	20	5	4	9	4	5	7403
12	15	3	10	6	13	10	2	1	8203
12	15	4	10	2	8	3	5	0	4501
12	15	5	2	3	10	14	1	3	5102
13	1	1	15	6	3	1	1	8	8102
13	1	2	4	3	1	3	4	4	5403
13	1	3	11	5	8	16	3	2	7301
13	1	4	7	4	13	9	2	7	6203
13	1	5	5	7	7	2	5	6	9501
13	2	1	6	3	4	10	5	8	5502
13	2	2	16	1	12	4	1	0	1102
13	2	3	18	6	11	7	4	5	8403
13	2	4	15	2	5	15	4	0	4403
13	2	5	8	4	2	12	3	1	6301
13	3	1	5	6	2	5	2	4	8201
13	3	2	1	7	9	2	2	6	9202
13	3	3	11	2	7	14	3	0	4302
13	3	4	9	3	6	1	1	7	5101
13	3	5	19	5	10	13	5	3	7503
13	4	1	18	7	11	17	1	8	9101
13	4	2	9	3	3	1	2	2	5201
13	4	3	20	6	9	8	4	1	8403
13	4	4	13	4	5	11	5	7	6502
13	4	5	8	1	10	6	3	0	1303
13	5	1	11	7	4	17	1	5	9102
13	5	2	14	5	12	7	2	6	7201
13	5	3	17	1	1	13	5	0	1501
13	5	4	1	4	13	5	4	3	6402
13	5	5	14	2	6	12	3	0	4303
13	6	1	21	2	3	6	4	0	2402
13	6	2	7	4	11	5	3	2	6303
13	6	3	3	5	8	3	1	6	7102
13	6	4	6	6	9	3	2	7	8201
13	6	5	5	1	10	7	2	0	1203
13	7	1	4	1	2	8	2	0	1201
13	7	2	6	7	4	9	5	5	9503
13	7	3	16	5	10	11	1	1	7102
13	7	4	19	4	3	15	3	4	6303
13	7	5	7	2	8	3	4	0	4402
13	8	1	15	6	8	6	5	3	8503
13	8	2	2	1	5	10	3	0	1301
13	8	3	7	3	9	14	1	8	5101
13	8	4	10	7	1	2	2	6	9203
13	8	5	3	5	12	16	4	2	7402
13	9	1	20	4	6	12	2	4	6203
13	9	2	12	6	7	4	5	7	8502
13	9	3	1	3	13	6	1	6	5101
13	9	4	7	1	5	16	4	0	1401
13	9	5	21	2	11	9	3	0	2302
13	10	1	19	2	7	2	4	0	4402
13	10	2	4	3	10	15	1	3	5101
13	10	3	14	7	8	13	5	5	9503
13	10	4	18	5	6	7	3	2	7303
13	10	5	16	4	3	8	2	1	6202
13	11	1	5	4	5	5	2	6	6202
13	11	2	17	1	11	5	4	0	1403
13	11	3	18	6	6	2	2	5	8202
13	11	4	4	5	5	3	4	2	7401
13	11	5	15	7	12	13	3	8	9301
13	12	1	2	5	2	5	4	8	7402
13	12	2	15	7	12	17	1	2	9103
13	12	3	13	4	4	1	2	7	6201
13	12	4	12	6	1	10	5	4	8501
13	12	5	22	2	13	14	3	0	3303
13	13	1	5	7	10	7	3	3	9303
13	13	2	11	6	9	3	1	8	8101
13	13	3	3	3	11	11	5	7	5502
13	13	4	10	1	4	4	2	0	1203
13	13	5	9	5	3	13	4	1	7402
13	14	1	17	6	13	11	3	5	8302
13	14	2	18	2	12	3	4	0	4401
13	14	3	6	4	8	2	4	6	6402
13	14	4	19	3	6	4	5	4	5501
13	14	5	8	1	1	6	1	0	1103
13	15	1	1	7	5	9	3	6	9303
13	15	2	16	3	9	1	5	4	5501
13	15	3	12	6	11	16	2	2	8202
13	15	4	19	4	2	5	1	7	6103
13	15	5	2	5	7	12	2	8	7202
14	1	1	6	5	5	14	4	1	7402
14	1	2	5	4	10	15	2	5	6201
14	1	3	10	7	4	10	3	3	9302
14	1	4	20	1	1	17	1	0	1103
14	1	5	5	2	12	8	5	0	4501
14	2	1	18	5	3	8	2	3	7201
14	2	2	13	1	13	4	1	0	1103
14	2	3	4	2	2	12	3	0	4303
14	2	4	4	6	11	5	4	7	8401
14	2	5	15	3	8	15	5	2	5502
14	3	1	11	7	2	9	1	6	9101
14	3	2	9	3	4	6	2	8	5202
14	3	3	8	4	6	1	3	4	6301
14	3	4	14	1	7	2	5	0	1502
14	3	5	1	2	9	17	4	0	4403
14	4	1	16	2	13	13	5	0	4502
14	4	2	17	6	12	11	4	1	8403
14	4	3	7	1	6	3	2	0	1203
14	4	4	14	3	3	16	1	7	5101
14	4	5	3	7	7	7	3	5	9301
14	5	1	2	1	5	15	1	0	1103
14	5	2	5	5	11	14	4	8	7403
14	5	3	7	4	9	10	3	2	6302
14	5	4	8	2	1	11	5	0	4502
14	5	5	4	6	8	8	2	3	8201
14	6	1	21	2	3	6	4	0	2402
14	6	2	7	4	11	5	3	2	6303
14	6	3	3	5	8	3	1	6	7102
14	6	4	6	6	9	3	2	7	8201
14	6	5	5	1	10	7	2	0	1203
14	7	1	10	6	2	9	3	4	8302
14	7	2	15	7	7	17	1	8	9102
14	7	3	6	3	8	14	2	5	5201
14	7	4	20	5	10	16	5	1	7503
14	7	5	16	4	11	5	4	6	6401
14	8	1	2	2	10	10	5	0	4502
14	8	2	13	1	5	6	3	0	1301
14	8	3	9	4	6	7	5	2	6503
14	8	4	18	5	13	2	1	3	7101
14	8	5	12	7	9	4	2	4	9203
14	9	1	3	1	12	1	2	0	1201
14	9	2	19	5	5	16	4	6	7402
14	9	3	8	6	3	13	4	7	8402
14	9	4	1	3	4	3	1	1	5103
14	9	5	11	4	1	12	3	5	6303
14	10	1	4	4	9	9	5	6	6503
14	10	2	17	3	3	6	3	1	5301
14	10	3	6	2	1	4	4	0	4403
14	10	4	20	6	13	1	2	5	8201
14	10	5	9	7	12	11	1	8	9102
14	11	1	5	4	5	5	2	6	6202
14	11	2	17	1	11	5	4	0	1403
14	11	3	18	6	6	2	2	5	8202
14	11	4	4	5	5	3	4	2	7401
14	11	5	15	7	12	13	3	8	9301
14	12	1	14	5	11	17	2	7	7202
14	12	2	3	3	8	15	3	3	5301
14	12	3	6	6	7	11	1	4	8103
14	12	4	3	2	4	14	5	0	4502
14	12	5	19	7	2	10	4	2	9401
14	13	1	10	5	11	5	2	8	7202
14	13	2	20	2	10	12	4	0	4403
14	13	3	2	1	6	8	5	0	1502
14	13	4	13	4	8	7	1	7	6103
14	13	5	18	3	5	2	3	5	5301
14	14	1	17	2	10	12	5	0	4503
14	14	2	17	1	2	3	3	0	1303
14	14	3	16	3	9	8	2	2	5201
14	14	4	15	7	7	5	1	6	9102
14	14	5	1	6	1	13	4	4	8401
14	15	1	11	4	4	14	5	1	6503
14	15	2	12	6	3	2	2	6	8203
14	15	3	5	5	13	16	4	2	7402
14	15	4	7	1	6	10	3	0	1301
14	15	5	8	7	12	15	1	3	9102
15	1	1	15	5	7	4	2	5	7202
15	1	2	20	7	12	9	5	3	9502
15	1	3	5	3	8	7	4	4	5401
15	1	4	2	6	4	17	3	8	8301
15	1	5	13	4	6	1	1	1	6103
15	2	1	4	3	11	2	5	4	5501
15	2	2	1	4	5	3	2	7	6201
15	2	3	17	1	2	6	1	0	1102
15	2	4	3	5	9	15	4	3	7403
15	2	5	12	2	1	13	3	0	4303
15	3	1	11	6	13	17	1	8	8101
15	3	2	8	7	3	7	4	7	9402
15	3	3	16	5	12	13	5	1	7503
15	3	4	12	1	5	11	2	0	1202
15	3	5	9	2	10	14	3	0	4303
15	4	1	18	1	11	9	5	0	1501
15	4	2	6	6	8	16	1	8	8101
15	4	3	7	3	10	5	4	6	5402
15	4	4	19	4	4	10	2	5	6202
15	4	5	10	7	2	3	3	2	9303
15	5	1	11	2	1	8	5	0	4503
15	5	2	14	1	7	1	2	0	1202
15	5	3	9	3	9	12	4	4	5401
15	5	4	1	6	13	4	1	3	8103
15	5	5	19	5	6	6	3	2	7301
15	6	1	21	2	3	6	4	0	2402
15	6	2	7	4	11	5	3	2	6303
15	6	3	3	5	8	3	1	6	7102
15	6	4	6	6	9	3	2	7	8201
15	6	5	5	1	10	7	2	0	1203
15	7	1	6	4	12	7	2	7	6201
15	7	2	2	3	6	16	1	5	5101
15	7	3	20	5	8	8	4	6	7402
15	7	4	1	2	3	17	5	0	4502
15	7	5	15	7	2	9	3	1	9303
15	8	1	14	6	1	14	2	5	8202
15	8	2	18	7	7	1	3	3	9301
15	8	3	12	4	3	10	4	7	6403
15	8	4	18	2	4	15	5	0	4502
15	8	5	16	1	10	2	1	0	1103
15	9	1	10	1	11	12	5	0	1503
15	9	2	7	5	6	13	3	4	7302
15	9	3	13	3	13	4	2	2	5201
15	9	4	5	7	5	6	1	6	9102
15	9	5	10	2	9	3	4	0	4401
15	10	1	17	6	7	5	3	1	8303
15	10	2	16	2	3	2	5	0	4502
15	10	3	11	4	12	11	1	8	6102
15	10	4	3	5	9	10	5	2	7503
15	10	5	9	1	2	7	4	0	1401
15	11	1	5	4	5	5	2	6	6202
15	11	2	17	1	11	5	4	0	1403
15	11	3	18	6	6	2	2	5	8202
15	11	4	4	5	5	3	4	2	7401
15	11	5	15	7	12	13	3	8	9301
15	12	1	20	2	10	13	5	0	4503
15	12	2	8	4	4	5	1	5	6101
15	12	3	4	7	1	1	2	7	9203
15	12	4	19	3	13	3	4	3	5402
15	12	5	14	6	11	6	3	8	8301
15	13	1	17	7	10	17	1	1	9101
15	13	2	20	5	8	11	3	6	7303
15	13	3	10	4	7	9	4	4	6402
15	13	4	5	6	11	14	2	5	8202
15	13	5	2	1	5	8	2	0	1201
15	14	1	18	3	3	15	4	8	5403
15	14	2	4	1	9	4	1	0	1101
15	14	3	8	6	13	16	2	4	8202
15	14	4	9	4	4	12	3	2	6303
15	14	5	11	7	6	1	5	3	9502
15	15	1	17	2	2	13	4	0	4401
15	15	2	3	1	8	3	2	0	1203
15	15	3	12	7	1	11	3	7	9301
15	15	4	13	3	5	14	5	1	5503
15	15	5	1	5	12	12	1	6	7102
16	1	1	15	5	1	6	5	8	7502
16	1	2	14	2	2	17	3	0	4303
16	1	3	7	4	9	15	1	1	6103
16	1	4	6	6	13	2	3	3	8301
16	1	5	16	3	12	7	4	6	5402
16	2	1	9	7	10	6	1	2	9101
16	2	2	12	6	7	5	5	4	8503
16	2	3	16	5	3	4	4	7	7402
16	2	4	15	2	5	8	3	0	4303
16	2	5	8	1	11	9	2	0	1201
16	3	1	1	3	6	16	4	2	5402
16	3	2	15	1	4	1	1	0	1103
16	3	3	5	7	2	9	2	6	9202
16	3	4	19	5	1	5	5	1	7501
16	3	5	13	4	8	10	2	5	6201
16	4	1	2	6	8	4	5	4	8502
16	4	2	3	2	4	13	3	0	4303
16	4	3	10	7	5	17	1	3	9101
16	4	4	18	3	10	11	4	8	5402
16	4	5	3	4	9	16	2	5	6201
16	5	1	4	4	7	12	4	3	6402
16	5	2	11	5	3	2	2	7	7203
16	5	3	17	6	6	15	1	5	8101
16	5	4	7	2	12	7	5	0	4502
16	5	5	20	1	13	10	3	0	1303
16	6	1	21	2	3	6	4	0	2402
16	6	2	7	4	11	5	3	2	6303
16	6	3	3	5	8	3	1	6	7102
16	6	4	6	6	9	3	2	7	8201
16	6	5	5	1	10	7	2	0	1203
16	7	1	19	4	2	15	1	1	6101
16	7	2	6	3	11	3	5	7	5503
16	7	3	14	6	7	14	3	6	8301
16	7	4	7	7	8	8	2	4	9202
16	7	5	2	2	13	6	4	0	4403
16	8	1	7	1	4	13	1	0	1103
16	8	2	16	5	6	5	5	2	7502
16	8	3	9	6	1	7	2	5	8203
16	8	4	18	3	9	2	3	8	5301
16	8	5	15	4	12	14	4	6	6402
16	9	1	14	3	5	10	5	1	5503
16	9	2	22	2	11	11	3	0	3302
16	9	3	2	5	3	12	2	2	7201
16	9	4	10	7	8	17	4	3	9403
16	9	5	6	1	10	2	1	0	1101
16	10	1	13	2	10	1	5	0	4501
16	10	2	17	7	12	8	4	4	9402
16	10	3	11	6	7	9	3	8	8301
16	10	4	3	4	13	4	1	7	6103
16	10	5	20	5	6	16	2	5	7202
16	11	1	5	4	5	5	2	6	6202
16	11	2	17	1	11	5	4	0	1403
16	11	3	18	6	6	2	2	5	8202
16	11	4	4	5	5	3	4	2	7401
16	11	5	15	7	12	13	3	8	9301
16	12	1	5	5	3	1	3	1	7301
16	12	2	1	7	1	5	4	7	9402
16	12	3	12	3	11	3	2	3	5202
16	12	4	4	6	5	14	5	4	8501
16	12	5	13	1	4	12	1	0	1103
16	13	1	8	3	2	3	3	2	5302
16	13	2	13	1	1	6	1	0	1103
16	13	3	3	7	8	9	2	6	9202
16	13	4	15	4	11	7	5	8	6501
16	13	5	4	2	9	13	4	0	4403
16	14	1	14	3	3	16	3	1	5301
16	14	2	19	2	5	15	3	0	4301
16	14	3	10	1	2	4	4	0	1403
16	14	4	17	6	13	10	2	8	8203
16	14	5	12	5	4	17	5	5	7502
16	15	1	16	6	7	1	5	2	8503
16	15	2	11	4	12	11	1	3	6102
16	15	3	8	5	10	15	2	7	7202
16	15	4	8	2	6	16	3	0	4301
16	15	5	4	1	9	8	4	0	1401
17	1	1	18	5	7	11	4	7	7403
17	1	2	20	7	8	9	1	6	9103
17	1	3	7	6	9	8	1	3	8101
17	1	4	19	4	5	17	2	5	6202
17	1	5	6	3	6	13	5	4	5501
17	2	1	6	2	10	14	4	0	4402
17	2	2	5	3	2	2	4	2	5401
17	2	3	1	1	4	3	2	0	1203
17	2	4	9	7	3	4	1	8	9103
17	2	5	2	4	13	12	3	6	6302
17	3	1	3	3	1	6	1	4	5101
17	3	2	12	4	2	8	5	6	6501
17	3	3	2	7	4	7	2	5	9203
17	3	4	9	2	11	5	5	0	4503
17	3	5	4	5	12	10	3	1	7302
17	4	1	17	1	7	17	2	0	1202
17	4	2	6	5	1	6	5	7	7503
17	4	3	9	6	9	5	3	3	8301
17	4	4	12	2	6	2	5	0	4502
17	4	5	18	3	12	14	1	8	5103
17	5	1	21	2	3	15	4	0	2402
17	5	2	11	1	8	1	2	0	1201
17	5	3	8	6	10	11	3	1	8303
17	5	4	10	7	13	12	1	2	9102
17	5	5	15	4	5	3	4	4	6401
17	6	1	21	2	3	6	4	0	2402
17	6	2	7	4	11	5	3	2	6303
17	6	3	3	5	8	3	1	6	7102
17	6	4	6	6	9	3	2	7	8201
17	6	5	5	1	10	7	2	0	1203
17	7	1	13	7	12	9	2	6	9202
17	7	2	5	6	1	16	4	1	8403
17	7	3	19	1	11	13	1	0	1103
17	7	4	7	4	13	4	3	7	6301
17	7	5	16	5	6	10	5	2	7501
17	8	1	14	7	5	4	2	5	9203
17	8	2	1	1	7	13	1	0	1102
17	8	3	20	3	3	7	5	8	5502
17	8	4	5	2	8	5	4	0	4401
17	8	5	3	5	9	1	3	3	7301
17	9	1	4	6	2	16	3	1	8302
17	9	2	19	2	11	12	5	0	4503
17	9	3	7	3	4	2	5	2	5501
17	9	4	14	5	5	17	4	5	7402
17	9	5	1	4	10	11	2	4	6203
17	10	1	17	7	8	3	2	8	9202
17	10	2	6	1	11	15	1	0	1102
17	10	3	10	6	4	10	4	6	8401
17	10	4	13	3	2	14	3	7	5303
17	10	5	20	4	9	8	1	3	6101
17	11	1	5	4	5	5	2	6	6202
17	11	2	17	1	11	5	4	0	1403
17	11	3	18	6	6	2	2	5	8202
17	11	4	4	5	5	3	4	2	7401
17	11	5	15	7	12	13	3	8	9301
17	12	1	18	1	3	11	5	0	1503
17	12	2	16	2	13	8	5	0	4502
17	12	3	16	7	12	9	4	6	9401
17	12	4	2	5	10	6	3	1	7302
17	12	5	8	6	6	7	2	4	8203
17	13	1	5	1	8	7	2	0	1203
17	13	2	9	4	1	9	4	8	6401
17	13	3	12	3	7	4	1	3	5103
17	13	4	15	6	5	12	3	7	8302
17	13	5	2	2	4	14	5	0	4501
17	14	1	19	3	7	1	1	2	5101
17	14	2	9	4	2	15	3	8	6301
17	14	3	5	5	11	16	2	5	7203
17	14	4	11	7	10	17	4	4	9402
17	14	5	12	1	9	2	1	0	1102
17	15	1	10	7	12	10	1	7	9101
17	15	2	19	3	1	5	2	1	5202
17	15	3	18	4	3	13	3	5	6303
17	15	4	13	5	13	3	5	6	7503
17	15	5	14	2	6	6	4	0	4402
18	1	1	15	6	13	8	5	4	8503
18	1	2	3	5	2	14	1	2	7102
18	1	3	16	7	6	13	4	1	9403
18	1	4	7	3	4	12	3	6	5301
18	1	5	20	4	11	11	2	3	6201
18	2	1	2	1	8	17	1	0	1103
18	2	2	4	6	9	16	4	3	8402
18	2	3	11	3	1	3	5	7	5501
18	2	4	8	2	3	9	3	0	4301
18	2	5	17	5	10	17	2	8	7203
18	3	1	14	7	11	5	4	4	9402
18	3	2	15	2	12	2	5	0	4503
18	3	3	8	1	2	6	1	0	1101
18	3	4	1	4	5	7	2	5	6201
18	3	5	6	6	7	15	3	2	8302
18	4	1	13	2	5	16	4	0	4403
18	4	2	15	3	4	4	3	1	5302
18	4	3	1	1	7	6	5	0	1502
18	4	4	3	4	13	10	2	5	6203
18	4	5	10	7	9	1	1	4	9101
18	5	1	2	4	6	13	2	8	6202
18	5	2	20	5	8	15	3	2	7301
18	5	3	12	2	3	14	5	0	4503
18	5	4	16	6	1	8	4	3	8403
18	5	5	13	3	12	12	5	7	5502
18	6	1	21	2	3	6	4	0	2402
18	6	2	7	4	11	5	3	2	6303
18	6	3	3	5	8	3	1	6	7102
18	6	4	6	6	9	3	2	7	8201
18	6	5	5	1	10	7	2	0	1203
18	7	1	18	5	10	17	1	6	7101
18	7	2	14	4	6	1	1	2	6102
18	7	3	12	6	13	9	4	4	8403
18	7	4	7	7	11	4	3	7	9301
18	7	5	6	1	12	7	2	0	1202
18	8	1	17	3	1	3	3	1	5301
18	8	2	7	2	3	11	5	0	4502
18	8	3	11	6	4	2	2	5	8203
18	8	4	8	1	7	10	4	0	1401
18	8	5	19	5	2	5	5	3	7503
18	9	1	5	3	8	10	2	6	5202
18	9	2	22	2	9	16	3	0	3303
18	9	3	4	1	10	5	4	0	1403
18	9	4	16	5	7	8	1	1	7101
18	9	5	9	7	5	4	1	8	9101
18	10	1	9	1	9	7	5	0	1502
18	10	2	17	2	1	11	3	0	4303
18	10	3	18	4	13	15	4	2	6401
18	10	4	15	7	6	3	2	6	9203
18	10	5	17	6	4	13	1	5	8102
18	11	1	5	4	5	5	2	6	6202
18	11	2	17	1	11	5	4	0	1403
18	11	3	18	6	6	2	2	5	8202
18	11	4	4	5	5	3	4	2	7401
18	11	5	15	7	12	13	3	8	9301
18	12	1	4	5	12	9	4	8	7401
18	12	2	3	7	11	6	2	5	9202
18	12	3	19	6	8	1	1	4	8103
18	12	4	11	4	5	2	3	7	6302
18	12	5	13	3	2	12	5	3	5501
18	13	1	3	2	12	13	5	0	4501
18	13	2	8	4	10	14	1	4	6102
18	13	3	14	7	13	5	3	2	9303
18	13	4	20	6	3	17	4	7	8401
18	13	5	12	3	9	12	2	1	5203
18	14	1	6	5	11	4	5	3	7503
18	14	2	10	4	1	14	2	6	6201
18	14	3	1	1	2	10	1	0	1102
18	14	4	7	6	8	7	4	5	8403
18	14	5	2	7	5	8	3	8	9302
18	15	1	11	2	3	1	3	0	4303
18	15	2	9	3	7	6	4	1	5402
18	15	3	5	1	4	2	1	0	1101
18	15	4	3	4	6	16	5	3	6501
18	15	5	13	5	10	3	2	7	7202
19	1	1	1	3	10	11	2	2	5202
19	1	2	10	6	7	10	3	6	8301
19	1	3	9	2	13	9	5	0	4501
19	1	4	19	1	4	15	4	0	1403
19	1	5	4	7	9	17	1	4	9103
19	2	1	20	3	3	16	2	7	5201
19	2	2	4	2	5	4	5	0	4503
19	2	3	11	6	8	8	4	3	8402
19	2	4	6	7	1	2	3	5	9303
19	2	5	15	5	12	7	5	8	7502
19	3	1	16	1	6	1	3	0	1301
19	3	2	17	5	11	3	2	2	7203
19	3	3	8	6	3	14	1	4	8102
19	3	4	5	3	13	13	4	6	5401
19	3	5	18	4	2	5	1	8	6102
19	4	1	14	1	12	15	4	0	1402
19	4	2	18	2	5	9	5	0	4503
19	4	3	12	5	7	12	3	1	7301
19	4	4	2	7	1	6	1	6	9102
19	4	5	7	4	4	16	2	2	6203
19	5	1	20	2	10	17	3	0	4303
19	5	2	18	1	6	1	2	0	1203
19	5	3	20	3	11	11	5	1	5501
19	5	4	2	7	9	14	4	5	9401
19	5	5	9	5	2	6	1	3	7102
19	6	1	21	2	3	6	4	0	2402
19	6	2	7	4	11	5	3	2	6303
19	6	3	3	5	8	3	1	6	7102
19	6	4	6	6	9	3	2	7	8201
19	6	5	5	1	10	7	2	0	1203
19	7	1	4	5	7	4	4	7	7402
19	7	2	10	2	13	10	3	0	4303
19	7	3	3	1	12	5	2	0	1201
19	7	4	11	4	11	15	1	4	6102
19	7	5	10	6	8	13	5	8	8501
19	8	1	6	2	2	8	3	0	4302
19	8	2	13	7	5	2	1	7	9102
19	8	3	1	3	8	7	4	3	5403
19	8	4	19	6	9	11	3	4	8301
19	8	5	6	4	4	16	5	1	6501
19	9	1	17	7	5	1	2	2	9202
19	9	2	12	4	1	3	2	6	6203
19	9	3	8	3	6	12	5	8	5502
19	9	4	7	6	3	15	1	5	8103
19	9	5	15	1	10	9	4	0	1401
19	10	1	16	1	10	3	2	0	1201
19	10	2	6	3	1	13	4	1	5403
19	10	3	5	5	13	7	1	8	7101
19	10	4	21	2	2	4	5	0	2503
19	10	5	14	6	4	9	3	2	8302
19	11	1	5	4	5	5	2	6	6202
19	11	2	17	1	11	5	4	0	1403
19	11	3	18	6	6	2	2	5	8202
19	11	4	4	5	5	3	4	2	7401
19	11	5	15	7	12	13	3	8	9301
19	12	1	9	3	7	11	2	7	5203
19	12	2	12	7	6	10	3	4	9302
19	12	3	13	5	3	8	1	5	7101
19	12	4	2	4	8	2	5	6	6503
19	12	5	19	1	11	6	4	0	1402
19	13	1	10	5	3	13	4	7	7402
19	13	2	1	2	5	14	3	0	4301
19	13	3	7	6	12	5	5	5	8503
19	13	4	1	4	9	12	2	3	6201
19	13	5	17	7	10	17	1	6	9102
19	14	1	5	2	11	3	5	0	4503
19	14	2	11	5	7	7	4	1	7403
19	14	3	15	6	13	5	5	8	8501
19	14	4	4	7	6	11	1	2	9102
19	14	5	14	1	1	15	2	0	1201
19	15	1	16	5	2	6	2	8	7203
19	15	2	7	2	8	10	5	0	4502
19	15	3	5	7	4	16	1	5	9102
19	15	4	3	3	9	17	4	3	5403
19	15	5	8	4	12	2	3	4	6301
20	1	1	20	4	11	9	3	3	6301
20	1	2	16	3	12	1	2	7	5201
20	1	3	19	7	10	12	3	2	9303
20	1	4	13	6	2	4	4	6	8403
20	1	5	18	1	6	8	1	0	1102
20	2	1	17	5	13	10	5	3	7502
20	2	2	2	3	4	1	2	1	5202
20	2	3	7	1	3	8	1	0	1101
20	2	4	11	6	9	14	4	4	8401
20	2	5	12	4	8	2	3	8	6303
20	3	1	9	7	1	7	1	6	9102
20	3	2	5	6	7	17	2	1	8201
20	3	3	21	2	5	6	4	0	2403
20	3	4	15	3	8	14	5	4	5502
20	3	5	18	4	13	11	3	2	6303
20	4	1	1	3	1	15	2	5	5201
20	4	2	8	6	3	5	3	8	8303
20	4	3	2	2	5	13	5	0	4502
20	4	4	14	5	9	12	4	7	7403
20	4	5	10	1	6	4	1	0	1101
20	5	1	1	2	7	1	5	0	4501
20	5	2	6	5	4	3	1	5	7102
20	5	3	4	1	10	7	2	0	1202
20	5	4	3	7	2	16	3	3	9303
20	5	5	20	4	12	9	4	1	6401
20	6	1	21	2	3	6	4	0	2402
20	6	2	7	4	11	5	3	2	6303
20	6	3	3	5	8	3	1	6	7102
20	6	4	6	6	9	3	2	7	8201
20	6	5	5	1	10	7	2	0	1203
20	7	1	1	7	7	16	2	6	9202
20	7	2	10	2	11	14	5	0	4503
20	7	3	17	3	9	2	4	2	5401
20	7	4	6	4	13	10	3	7	6303
20	7	5	10	1	8	9	1	0	1102
20	8	1	22	2	1	17	3	0	3301
20	8	2	7	4	2	13	2	2	6203
20	8	3	5	5	5	15	5	4	7501
20	8	4	12	6	11	4	4	7	8402
20	8	5	13	3	6	8	1	1	5103
20	9	1	3	6	3	12	4	4	8401
20	9	2	19	7	10	3	1	6	9103
20	9	3	18	1	12	11	3	0	1302
20	9	4	20	3	5	6	5	5	5501
20	9	5	2	5	4	5	2	3	7202
20	10	1	4	1	2	1	2	0	1203
20	10	2	5	2	11	6	5	0	4501
20	10	3	14	4	7	8	1	5	6102
20	10	4	8	5	6	15	4	8	7402
20	10	5	9	7	8	17	3	4	9303
20	11	1	5	4	5	5	2	6	6202
20	11	2	17	1	11	5	4	0	1403
20	11	3	18	6	6	2	2	5	8202
20	11	4	4	5	5	3	4	2	7401
20	11	5	15	7	12	13	3	8	9301
20	12	1	18	2	4	16	4	0	4403
20	12	2	15	1	10	7	5	0	1503
20	12	3	19	7	1	5	3	1	9301
20	12	4	16	6	12	11	1	3	8101
20	12	5	11	3	9	2	2	7	5202
20	13	1	9	6	3	14	1	8	8102
20	13	2	9	2	11	3	5	0	4501
20	13	3	14	3	6	4	4	4	5402
20	13	4	11	4	5	9	3	2	6303
20	13	5	20	5	13	13	5	6	7501
20	14	1	7	7	4	12	3	7	9301
20	14	2	12	1	3	10	2	0	1202
20	14	3	2	5	7	4	1	1	7103
20	14	4	3	6	2	14	4	8	8402
20	14	5	8	4	12	8	2	5	6203
20	15	1	6	6	13	6	2	2	8202
20	15	2	5	5	1	12	4	3	7401
20	15	3	1	1	8	7	1	0	1101
20	15	4	15	2	10	5	5	0	4503
20	15	5	17	7	9	9	3	6	9303
