13.item.4x10.max.diff.design						
	Version	Question	Option.1	Option.2	Option.3	Option.4
1	1.0	1.0	9.0	8.0	7.0	3.0
2	1.0	2.0	1.0	11.0	6.0	9.0
3	1.0	3.0	5.0	4.0	2.0	9.0
4	1.0	4.0	13.0	6.0	3.0	5.0
5	1.0	5.0	13.0	2.0	1.0	7.0
6	1.0	6.0	4.0	12.0	13.0	8.0
7	1.0	7.0	12.0	5.0	1.0	10.0
8	1.0	8.0	12.0	3.0	2.0	11.0
9	1.0	9.0	4.0	7.0	11.0	10.0
10	1.0	10.0	6.0	8.0	2.0	10.0
11	2.0	1.0	7.0	11.0	9.0	5.0
12	2.0	2.0	8.0	6.0	2.0	11.0
13	2.0	3.0	4.0	13.0	3.0	11.0
14	2.0	4.0	9.0	6.0	12.0	13.0
15	2.0	5.0	12.0	2.0	5.0	4.0
16	2.0	6.0	12.0	3.0	10.0	7.0
17	2.0	7.0	10.0	2.0	13.0	1.0
18	2.0	8.0	9.0	10.0	8.0	4.0
19	2.0	9.0	1.0	8.0	3.0	5.0
20	2.0	10.0	4.0	6.0	7.0	1.0
21	3.0	1.0	9.0	7.0	5.0	2.0
22	3.0	2.0	5.0	4.0	1.0	11.0
23	3.0	3.0	8.0	6.0	5.0	10.0
24	3.0	4.0	7.0	1.0	8.0	12.0
25	3.0	5.0	11.0	12.0	2.0	6.0
26	3.0	6.0	9.0	10.0	13.0	12.0
27	3.0	7.0	13.0	3.0	8.0	11.0
28	3.0	8.0	4.0	6.0	7.0	13.0
29	3.0	9.0	2.0	4.0	3.0	10.0
30	3.0	10.0	3.0	1.0	6.0	9.0
31	4.0	1.0	8.0	7.0	9.0	1.0
32	4.0	2.0	9.0	10.0	6.0	2.0
33	4.0	3.0	3.0	11.0	9.0	4.0
34	4.0	4.0	13.0	2.0	3.0	7.0
35	4.0	5.0	10.0	13.0	1.0	11.0
36	4.0	6.0	13.0	5.0	4.0	8.0
37	4.0	7.0	12.0	5.0	10.0	3.0
38	4.0	8.0	5.0	7.0	6.0	11.0
39	4.0	9.0	4.0	12.0	1.0	6.0
40	4.0	10.0	8.0	12.0	11.0	2.0
41	5.0	1.0	1.0	10.0	2.0	5.0
42	5.0	2.0	9.0	4.0	3.0	1.0
43	5.0	3.0	1.0	12.0	8.0	11.0
44	5.0	4.0	12.0	5.0	9.0	13.0
45	5.0	5.0	4.0	13.0	2.0	11.0
46	5.0	6.0	8.0	10.0	7.0	13.0
47	5.0	7.0	7.0	4.0	6.0	12.0
48	5.0	8.0	7.0	11.0	3.0	5.0
49	5.0	9.0	2.0	8.0	3.0	6.0
50	5.0	10.0	9.0	11.0	6.0	10.0
51	6.0	1.0	12.0	9.0	13.0	2.0
52	6.0	2.0	13.0	8.0	11.0	1.0
53	6.0	3.0	13.0	7.0	6.0	5.0
54	6.0	4.0	9.0	8.0	5.0	4.0
55	6.0	5.0	7.0	1.0	4.0	12.0
56	6.0	6.0	2.0	4.0	6.0	10.0
57	6.0	7.0	3.0	5.0	1.0	10.0
58	6.0	8.0	10.0	9.0	11.0	7.0
59	6.0	9.0	3.0	12.0	11.0	6.0
60	6.0	10.0	2.0	7.0	3.0	8.0
61	7.0	1.0	3.0	6.0	9.0	1.0
62	7.0	2.0	10.0	3.0	12.0	7.0
63	7.0	3.0	13.0	5.0	4.0	3.0
64	7.0	4.0	12.0	5.0	1.0	11.0
65	7.0	5.0	10.0	6.0	11.0	13.0
66	7.0	6.0	9.0	11.0	2.0	4.0
67	7.0	7.0	8.0	5.0	10.0	2.0
68	7.0	8.0	2.0	7.0	13.0	1.0
69	7.0	9.0	4.0	8.0	6.0	7.0
70	7.0	10.0	9.0	13.0	12.0	8.0
71	8.0	1.0	9.0	5.0	7.0	13.0
72	8.0	2.0	3.0	8.0	13.0	6.0
73	8.0	3.0	13.0	1.0	4.0	12.0
74	8.0	4.0	5.0	2.0	6.0	12.0
75	8.0	5.0	9.0	3.0	2.0	4.0
76	8.0	6.0	11.0	2.0	1.0	7.0
77	8.0	7.0	11.0	3.0	12.0	10.0
78	8.0	8.0	11.0	8.0	4.0	5.0
79	8.0	9.0	8.0	10.0	1.0	9.0
80	8.0	10.0	4.0	7.0	10.0	6.0
81	9.0	1.0	7.0	3.0	6.0	12.0
82	9.0	2.0	8.0	11.0	12.0	9.0
83	9.0	3.0	2.0	5.0	12.0	10.0
84	9.0	4.0	10.0	13.0	6.0	11.0
85	9.0	5.0	13.0	7.0	5.0	9.0
86	9.0	6.0	13.0	2.0	1.0	3.0
87	9.0	7.0	10.0	1.0	9.0	4.0
88	9.0	8.0	1.0	6.0	5.0	8.0
89	9.0	9.0	8.0	4.0	7.0	2.0
90	9.0	10.0	11.0	5.0	4.0	3.0
91	10.0	1.0	7.0	10.0	2.0	4.0
92	10.0	2.0	8.0	3.0	1.0	4.0
93	10.0	3.0	13.0	6.0	12.0	4.0
94	10.0	4.0	2.0	11.0	1.0	6.0
95	10.0	5.0	13.0	11.0	3.0	10.0
96	10.0	6.0	11.0	7.0	12.0	9.0
97	10.0	7.0	5.0	6.0	9.0	3.0
98	10.0	8.0	2.0	9.0	13.0	8.0
99	10.0	9.0	12.0	10.0	8.0	5.0
100	10.0	10.0	13.0	7.0	5.0	1.0
101	11.0	1.0	6.0	13.0	1.0	11.0
102	11.0	2.0	9.0	6.0	5.0	2.0
103	11.0	3.0	6.0	12.0	10.0	4.0
104	11.0	4.0	7.0	4.0	11.0	5.0
105	11.0	5.0	1.0	9.0	10.0	7.0
106	11.0	6.0	13.0	7.0	12.0	8.0
107	11.0	7.0	8.0	4.0	9.0	3.0
108	11.0	8.0	2.0	11.0	10.0	8.0
109	11.0	9.0	12.0	1.0	2.0	3.0
110	11.0	10.0	3.0	5.0	10.0	13.0
111	12.0	1.0	9.0	10.0	13.0	12.0
112	12.0	2.0	5.0	13.0	6.0	1.0
113	12.0	3.0	7.0	13.0	3.0	4.0
114	12.0	4.0	10.0	6.0	8.0	7.0
115	12.0	5.0	12.0	3.0	5.0	8.0
116	12.0	6.0	8.0	9.0	11.0	4.0
117	12.0	7.0	2.0	5.0	7.0	11.0
118	12.0	8.0	1.0	10.0	11.0	3.0
119	12.0	9.0	2.0	12.0	4.0	1.0
120	12.0	10.0	3.0	2.0	9.0	6.0
121	13.0	1.0	8.0	2.0	10.0	4.0
122	13.0	2.0	11.0	7.0	8.0	1.0
123	13.0	3.0	8.0	3.0	12.0	5.0
124	13.0	4.0	2.0	13.0	7.0	12.0
125	13.0	5.0	11.0	3.0	4.0	13.0
126	13.0	6.0	9.0	10.0	13.0	5.0
127	13.0	7.0	11.0	12.0	6.0	9.0
128	13.0	8.0	2.0	1.0	3.0	9.0
129	13.0	9.0	6.0	1.0	4.0	5.0
130	13.0	10.0	3.0	6.0	10.0	7.0
131	14.0	1.0	5.0	9.0	12.0	7.0
132	14.0	2.0	6.0	3.0	2.0	12.0
133	14.0	3.0	10.0	1.0	4.0	12.0
134	14.0	4.0	11.0	7.0	3.0	10.0
135	14.0	5.0	11.0	2.0	1.0	5.0
136	14.0	6.0	9.0	8.0	4.0	11.0
137	14.0	7.0	10.0	8.0	13.0	2.0
138	14.0	8.0	6.0	8.0	7.0	1.0
139	14.0	9.0	4.0	13.0	6.0	5.0
140	14.0	10.0	3.0	13.0	1.0	9.0
141	15.0	1.0	13.0	8.0	11.0	10.0
142	15.0	2.0	11.0	6.0	12.0	3.0
143	15.0	3.0	11.0	5.0	9.0	2.0
144	15.0	4.0	12.0	2.0	13.0	4.0
145	15.0	5.0	8.0	4.0	3.0	9.0
146	15.0	6.0	10.0	4.0	5.0	7.0
147	15.0	7.0	2.0	1.0	3.0	7.0
148	15.0	8.0	6.0	9.0	13.0	7.0
149	15.0	9.0	6.0	8.0	1.0	5.0
150	15.0	10.0	1.0	9.0	10.0	12.0
151	16.0	1.0	2.0	3.0	13.0	5.0
152	16.0	2.0	13.0	1.0	8.0	11.0
153	16.0	3.0	9.0	13.0	6.0	4.0
154	16.0	4.0	4.0	11.0	10.0	5.0
155	16.0	5.0	2.0	9.0	1.0	10.0
156	16.0	6.0	10.0	6.0	7.0	3.0
157	16.0	7.0	4.0	12.0	7.0	1.0
158	16.0	8.0	8.0	5.0	9.0	7.0
159	16.0	9.0	8.0	6.0	12.0	2.0
160	16.0	10.0	11.0	12.0	3.0	9.0
161	17.0	1.0	3.0	8.0	13.0	1.0
162	17.0	2.0	5.0	1.0	10.0	12.0
163	17.0	3.0	4.0	9.0	11.0	1.0
164	17.0	4.0	10.0	6.0	11.0	13.0
165	17.0	5.0	8.0	4.0	6.0	5.0
166	17.0	6.0	2.0	9.0	6.0	3.0
167	17.0	7.0	11.0	7.0	5.0	2.0
168	17.0	8.0	12.0	2.0	13.0	4.0
169	17.0	9.0	9.0	8.0	12.0	7.0
170	17.0	10.0	7.0	4.0	10.0	3.0
171	18.0	1.0	6.0	12.0	11.0	7.0
172	18.0	2.0	5.0	6.0	1.0	2.0
173	18.0	3.0	9.0	10.0	6.0	8.0
174	18.0	4.0	5.0	3.0	12.0	10.0
175	18.0	5.0	7.0	3.0	8.0	2.0
176	18.0	6.0	11.0	3.0	9.0	4.0
177	18.0	7.0	4.0	10.0	13.0	2.0
178	18.0	8.0	1.0	8.0	4.0	12.0
179	18.0	9.0	1.0	7.0	13.0	9.0
180	18.0	10.0	8.0	13.0	5.0	11.0
181	19.0	1.0	7.0	12.0	11.0	8.0
182	19.0	2.0	1.0	9.0	2.0	7.0
183	19.0	3.0	7.0	6.0	4.0	10.0
184	19.0	4.0	8.0	5.0	6.0	9.0
185	19.0	5.0	11.0	1.0	10.0	5.0
186	19.0	6.0	5.0	3.0	4.0	12.0
187	19.0	7.0	6.0	1.0	13.0	3.0
188	19.0	8.0	3.0	10.0	8.0	2.0
189	19.0	9.0	13.0	11.0	2.0	4.0
190	19.0	10.0	12.0	13.0	10.0	9.0
191	20.0	1.0	5.0	4.0	9.0	7.0
192	20.0	2.0	8.0	6.0	5.0	2.0
193	20.0	3.0	5.0	12.0	3.0	1.0
194	20.0	4.0	3.0	11.0	7.0	2.0
195	20.0	5.0	11.0	4.0	8.0	12.0
196	20.0	6.0	9.0	1.0	13.0	11.0
197	20.0	7.0	13.0	8.0	10.0	3.0
198	20.0	8.0	7.0	13.0	6.0	12.0
199	20.0	9.0	10.0	4.0	6.0	1.0
200	20.0	10.0	9.0	10.0	12.0	2.0
201	21.0	1.0	13.0	1.0	6.0	2.0
202	21.0	2.0	11.0	9.0	2.0	12.0
203	21.0	3.0	5.0	4.0	10.0	2.0
204	21.0	4.0	13.0	9.0	8.0	5.0
205	21.0	5.0	8.0	6.0	10.0	11.0
206	21.0	6.0	7.0	4.0	8.0	1.0
207	21.0	7.0	5.0	11.0	3.0	7.0
208	21.0	8.0	7.0	13.0	10.0	12.0
209	21.0	9.0	6.0	12.0	3.0	4.0
210	21.0	10.0	10.0	1.0	9.0	3.0
211	22.0	1.0	6.0	5.0	11.0	13.0
212	22.0	2.0	1.0	5.0	7.0	12.0
213	22.0	3.0	8.0	5.0	10.0	3.0
214	22.0	4.0	1.0	2.0	11.0	10.0
215	22.0	5.0	2.0	7.0	8.0	13.0
216	22.0	6.0	2.0	3.0	6.0	9.0
217	22.0	7.0	9.0	7.0	4.0	10.0
218	22.0	8.0	11.0	8.0	9.0	12.0
219	22.0	9.0	12.0	3.0	13.0	4.0
220	22.0	10.0	6.0	1.0	8.0	4.0
221	23.0	1.0	10.0	5.0	1.0	2.0
222	23.0	2.0	4.0	1.0	3.0	9.0
223	23.0	3.0	1.0	8.0	12.0	11.0
224	23.0	4.0	13.0	5.0	9.0	12.0
225	23.0	5.0	4.0	2.0	11.0	13.0
226	23.0	6.0	10.0	7.0	8.0	13.0
227	23.0	7.0	4.0	12.0	6.0	7.0
228	23.0	8.0	3.0	7.0	5.0	11.0
229	23.0	9.0	8.0	2.0	3.0	6.0
230	23.0	10.0	10.0	9.0	11.0	6.0
231	24.0	1.0	10.0	11.0	13.0	7.0
232	24.0	2.0	9.0	13.0	12.0	3.0
233	24.0	3.0	1.0	2.0	4.0	13.0
234	24.0	4.0	5.0	2.0	9.0	7.0
235	24.0	5.0	10.0	5.0	12.0	1.0
236	24.0	6.0	6.0	11.0	4.0	5.0
237	24.0	7.0	6.0	8.0	2.0	12.0
238	24.0	8.0	1.0	6.0	7.0	3.0
239	24.0	9.0	4.0	3.0	10.0	8.0
240	24.0	10.0	11.0	9.0	1.0	8.0
241	25.0	1.0	5.0	11.0	10.0	12.0
242	25.0	2.0	2.0	8.0	4.0	12.0
243	25.0	3.0	6.0	7.0	12.0	1.0
244	25.0	4.0	13.0	11.0	4.0	1.0
245	25.0	5.0	5.0	8.0	7.0	13.0
246	25.0	6.0	13.0	6.0	3.0	10.0
247	25.0	7.0	9.0	1.0	8.0	3.0
248	25.0	8.0	7.0	2.0	3.0	11.0
249	25.0	9.0	9.0	6.0	2.0	5.0
250	25.0	10.0	4.0	9.0	7.0	10.0
251	26.0	1.0	9.0	6.0	11.0	5.0
252	26.0	2.0	2.0	1.0	11.0	7.0
253	26.0	3.0	3.0	11.0	12.0	13.0
254	26.0	4.0	4.0	7.0	3.0	9.0
255	26.0	5.0	5.0	12.0	2.0	4.0
256	26.0	6.0	6.0	4.0	10.0	13.0
257	26.0	7.0	8.0	10.0	3.0	2.0
258	26.0	8.0	9.0	10.0	1.0	12.0
259	26.0	9.0	13.0	1.0	8.0	5.0
260	26.0	10.0	8.0	7.0	6.0	12.0
261	27.0	1.0	7.0	11.0	3.0	6.0
262	27.0	2.0	6.0	13.0	4.0	1.0
263	27.0	3.0	6.0	9.0	8.0	5.0
264	27.0	4.0	3.0	10.0	4.0	9.0
265	27.0	5.0	10.0	5.0	7.0	13.0
266	27.0	6.0	10.0	8.0	12.0	11.0
267	27.0	7.0	9.0	12.0	2.0	13.0
268	27.0	8.0	5.0	1.0	3.0	12.0
269	27.0	9.0	7.0	2.0	8.0	1.0
270	27.0	10.0	2.0	11.0	4.0	5.0
271	28.0	1.0	4.0	8.0	3.0	11.0
272	28.0	2.0	13.0	12.0	8.0	7.0
273	28.0	3.0	8.0	1.0	6.0	10.0
274	28.0	4.0	12.0	1.0	5.0	4.0
275	28.0	5.0	3.0	5.0	13.0	6.0
276	28.0	6.0	11.0	10.0	5.0	9.0
277	28.0	7.0	13.0	9.0	1.0	2.0
278	28.0	8.0	7.0	9.0	4.0	6.0
279	28.0	9.0	2.0	3.0	7.0	10.0
280	28.0	10.0	11.0	6.0	2.0	12.0
281	29.0	1.0	4.0	7.0	3.0	8.0
282	29.0	2.0	3.0	12.0	1.0	5.0
283	29.0	3.0	3.0	6.0	9.0	13.0
284	29.0	4.0	11.0	5.0	4.0	13.0
285	29.0	5.0	1.0	11.0	6.0	7.0
286	29.0	6.0	9.0	10.0	8.0	11.0
287	29.0	7.0	1.0	10.0	2.0	13.0
288	29.0	8.0	6.0	12.0	10.0	4.0
289	29.0	9.0	12.0	2.0	9.0	7.0
290	29.0	10.0	2.0	6.0	5.0	8.0
291	30.0	1.0	12.0	11.0	4.0	3.0
292	30.0	2.0	3.0	13.0	5.0	2.0
293	30.0	3.0	8.0	7.0	3.0	1.0
294	30.0	4.0	9.0	1.0	11.0	13.0
295	30.0	5.0	5.0	4.0	7.0	9.0
296	30.0	6.0	6.0	12.0	9.0	8.0
297	30.0	7.0	1.0	6.0	5.0	10.0
298	30.0	8.0	6.0	11.0	7.0	2.0
299	30.0	9.0	8.0	2.0	10.0	4.0
300	30.0	10.0	13.0	10.0	7.0	12.0
301	31.0	1.0	9.0	5.0	13.0	8.0
302	31.0	2.0	1.0	5.0	3.0	7.0
303	31.0	3.0	12.0	2.0	5.0	6.0
304	31.0	4.0	4.0	9.0	1.0	6.0
305	31.0	5.0	4.0	2.0	3.0	13.0
306	31.0	6.0	11.0	8.0	12.0	4.0
307	31.0	7.0	10.0	11.0	6.0	3.0
308	31.0	8.0	7.0	11.0	9.0	2.0
309	31.0	9.0	12.0	7.0	13.0	10.0
310	31.0	10.0	1.0	10.0	8.0	2.0
311	32.0	1.0	11.0	7.0	12.0	1.0
312	32.0	2.0	5.0	7.0	6.0	4.0
313	32.0	3.0	7.0	2.0	9.0	13.0
314	32.0	4.0	2.0	10.0	4.0	12.0
315	32.0	5.0	10.0	11.0	5.0	9.0
316	32.0	6.0	3.0	13.0	1.0	10.0
317	32.0	7.0	2.0	5.0	8.0	3.0
318	32.0	8.0	12.0	3.0	9.0	6.0
319	32.0	9.0	6.0	11.0	8.0	13.0
320	32.0	10.0	1.0	4.0	9.0	8.0
321	33.0	1.0	4.0	5.0	2.0	8.0
322	33.0	2.0	10.0	8.0	7.0	6.0
323	33.0	3.0	8.0	12.0	13.0	1.0
324	33.0	4.0	1.0	4.0	6.0	11.0
325	33.0	5.0	13.0	7.0	5.0	11.0
326	33.0	6.0	2.0	12.0	3.0	11.0
327	33.0	7.0	3.0	9.0	1.0	7.0
328	33.0	8.0	4.0	13.0	3.0	10.0
329	33.0	9.0	5.0	10.0	9.0	12.0
330	33.0	10.0	6.0	13.0	9.0	2.0
331	34.0	1.0	10.0	11.0	2.0	8.0
332	34.0	2.0	9.0	2.0	4.0	1.0
333	34.0	3.0	12.0	2.0	5.0	6.0
334	34.0	4.0	7.0	6.0	1.0	10.0
335	34.0	5.0	5.0	8.0	7.0	4.0
336	34.0	6.0	3.0	7.0	11.0	12.0
337	34.0	7.0	4.0	13.0	3.0	6.0
338	34.0	8.0	5.0	3.0	9.0	10.0
339	34.0	9.0	9.0	12.0	13.0	8.0
340	34.0	10.0	13.0	5.0	1.0	11.0
341	35.0	1.0	10.0	5.0	4.0	12.0
342	35.0	2.0	3.0	5.0	9.0	6.0
343	35.0	3.0	8.0	5.0	1.0	2.0
344	35.0	4.0	7.0	12.0	8.0	3.0
345	35.0	5.0	2.0	9.0	7.0	10.0
346	35.0	6.0	7.0	4.0	1.0	13.0
347	35.0	7.0	13.0	11.0	8.0	9.0
348	35.0	8.0	6.0	13.0	12.0	2.0
349	35.0	9.0	10.0	11.0	6.0	1.0
350	35.0	10.0	2.0	11.0	3.0	4.0
351	36.0	1.0	13.0	1.0	2.0	12.0
352	36.0	2.0	8.0	12.0	5.0	7.0
353	36.0	3.0	9.0	12.0	10.0	11.0
354	36.0	4.0	5.0	3.0	11.0	2.0
355	36.0	5.0	10.0	13.0	3.0	8.0
356	36.0	6.0	3.0	6.0	1.0	9.0
357	36.0	7.0	8.0	4.0	6.0	11.0
358	36.0	8.0	2.0	7.0	10.0	6.0
359	36.0	9.0	13.0	9.0	7.0	4.0
360	36.0	10.0	5.0	1.0	4.0	10.0
361	37.0	1.0	3.0	13.0	2.0	11.0
362	37.0	2.0	9.0	2.0	12.0	8.0
363	37.0	3.0	2.0	7.0	1.0	10.0
364	37.0	4.0	6.0	3.0	8.0	1.0
365	37.0	5.0	12.0	10.0	6.0	11.0
366	37.0	6.0	5.0	7.0	6.0	13.0
367	37.0	7.0	1.0	4.0	12.0	5.0
368	37.0	8.0	10.0	9.0	3.0	5.0
369	37.0	9.0	9.0	11.0	4.0	7.0
370	37.0	10.0	10.0	4.0	13.0	8.0
371	38.0	1.0	2.0	9.0	1.0	4.0
372	38.0	2.0	3.0	12.0	10.0	1.0
373	38.0	3.0	1.0	11.0	8.0	13.0
374	38.0	4.0	10.0	2.0	6.0	13.0
375	38.0	5.0	8.0	12.0	4.0	6.0
376	38.0	6.0	5.0	9.0	6.0	11.0
377	38.0	7.0	12.0	7.0	13.0	5.0
378	38.0	8.0	3.0	2.0	8.0	5.0
379	38.0	9.0	11.0	4.0	7.0	3.0
380	38.0	10.0	10.0	9.0	7.0	8.0
381	39.0	1.0	7.0	4.0	2.0	11.0
382	39.0	2.0	1.0	11.0	9.0	12.0
383	39.0	3.0	13.0	8.0	11.0	5.0
384	39.0	4.0	2.0	13.0	12.0	10.0
385	39.0	5.0	9.0	10.0	8.0	4.0
386	39.0	6.0	6.0	10.0	7.0	5.0
387	39.0	7.0	13.0	6.0	3.0	9.0
388	39.0	8.0	1.0	2.0	8.0	6.0
389	39.0	9.0	4.0	5.0	3.0	1.0
390	39.0	10.0	12.0	3.0	8.0	7.0
391	40.0	1.0	10.0	5.0	2.0	4.0
392	40.0	2.0	10.0	8.0	9.0	13.0
393	40.0	3.0	11.0	1.0	3.0	10.0
394	40.0	4.0	7.0	9.0	4.0	3.0
395	40.0	5.0	11.0	5.0	8.0	7.0
396	40.0	6.0	2.0	7.0	6.0	1.0
397	40.0	7.0	8.0	12.0	6.0	3.0
398	40.0	8.0	6.0	4.0	13.0	11.0
399	40.0	9.0	13.0	5.0	12.0	1.0
400	40.0	10.0	11.0	12.0	2.0	9.0
401	41.0	1.0	13.0	7.0	10.0	11.0
402	41.0	2.0	1.0	4.0	8.0	10.0
403	41.0	3.0	5.0	6.0	12.0	10.0
404	41.0	4.0	12.0	7.0	2.0	4.0
405	41.0	5.0	2.0	1.0	6.0	11.0
406	41.0	6.0	13.0	9.0	5.0	2.0
407	41.0	7.0	3.0	9.0	1.0	12.0
408	41.0	8.0	9.0	8.0	7.0	6.0
409	41.0	9.0	3.0	5.0	8.0	11.0
410	41.0	10.0	3.0	13.0	4.0	6.0
411	42.0	1.0	12.0	13.0	9.0	2.0
412	42.0	2.0	8.0	13.0	1.0	11.0
413	42.0	3.0	7.0	5.0	13.0	6.0
414	42.0	4.0	4.0	9.0	8.0	5.0
415	42.0	5.0	1.0	12.0	7.0	4.0
416	42.0	6.0	4.0	6.0	2.0	10.0
417	42.0	7.0	1.0	10.0	5.0	3.0
418	42.0	8.0	10.0	7.0	9.0	11.0
419	42.0	9.0	12.0	11.0	3.0	6.0
420	42.0	10.0	2.0	7.0	8.0	3.0
421	43.0	1.0	9.0	13.0	12.0	4.0
422	43.0	2.0	6.0	10.0	9.0	11.0
423	43.0	3.0	3.0	9.0	1.0	2.0
424	43.0	4.0	11.0	2.0	4.0	5.0
425	43.0	5.0	10.0	5.0	12.0	1.0
426	43.0	6.0	5.0	3.0	13.0	8.0
427	43.0	7.0	8.0	10.0	7.0	2.0
428	43.0	8.0	1.0	6.0	8.0	4.0
429	43.0	9.0	6.0	3.0	12.0	7.0
430	43.0	10.0	1.0	11.0	7.0	13.0
431	44.0	1.0	1.0	5.0	6.0	9.0
432	44.0	2.0	8.0	12.0	6.0	4.0
433	44.0	3.0	2.0	13.0	6.0	10.0
434	44.0	4.0	10.0	11.0	12.0	9.0
435	44.0	5.0	11.0	5.0	4.0	13.0
436	44.0	6.0	11.0	2.0	3.0	1.0
437	44.0	7.0	7.0	10.0	3.0	4.0
438	44.0	8.0	9.0	13.0	3.0	8.0
439	44.0	9.0	5.0	2.0	7.0	8.0
440	44.0	10.0	12.0	13.0	7.0	1.0
441	45.0	1.0	6.0	7.0	2.0	9.0
442	45.0	2.0	11.0	5.0	7.0	1.0
443	45.0	3.0	7.0	13.0	10.0	3.0
444	45.0	4.0	9.0	1.0	10.0	4.0
445	45.0	5.0	11.0	3.0	6.0	4.0
446	45.0	6.0	4.0	8.0	2.0	13.0
447	45.0	7.0	8.0	12.0	11.0	10.0
448	45.0	8.0	8.0	5.0	3.0	9.0
449	45.0	9.0	6.0	12.0	13.0	5.0
450	45.0	10.0	2.0	12.0	1.0	3.0
451	46.0	1.0	10.0	8.0	11.0	2.0
452	46.0	2.0	7.0	4.0	2.0	5.0
453	46.0	3.0	12.0	6.0	2.0	9.0
454	46.0	4.0	11.0	9.0	1.0	7.0
455	46.0	5.0	1.0	5.0	12.0	10.0
456	46.0	6.0	8.0	6.0	3.0	1.0
457	46.0	7.0	3.0	5.0	13.0	9.0
458	46.0	8.0	11.0	12.0	3.0	4.0
459	46.0	9.0	13.0	4.0	6.0	10.0
460	46.0	10.0	8.0	7.0	12.0	13.0
461	47.0	1.0	1.0	11.0	6.0	13.0
462	47.0	2.0	9.0	6.0	2.0	7.0
463	47.0	3.0	6.0	8.0	5.0	10.0
464	47.0	4.0	3.0	7.0	10.0	1.0
465	47.0	5.0	11.0	5.0	2.0	3.0
466	47.0	6.0	13.0	8.0	4.0	3.0
467	47.0	7.0	2.0	4.0	10.0	12.0
468	47.0	8.0	4.0	9.0	5.0	1.0
469	47.0	9.0	8.0	12.0	9.0	11.0
470	47.0	10.0	5.0	7.0	13.0	12.0
471	48.0	1.0	4.0	2.0	12.0	3.0
472	48.0	2.0	13.0	5.0	4.0	6.0
473	48.0	3.0	9.0	10.0	7.0	4.0
474	48.0	4.0	3.0	13.0	1.0	10.0
475	48.0	5.0	6.0	1.0	9.0	12.0
476	48.0	6.0	1.0	7.0	8.0	2.0
477	48.0	7.0	11.0	10.0	8.0	6.0
478	48.0	8.0	3.0	9.0	5.0	8.0
479	48.0	9.0	5.0	7.0	12.0	11.0
480	48.0	10.0	2.0	11.0	13.0	9.0
481	49.0	1.0	8.0	6.0	3.0	12.0
482	49.0	2.0	9.0	6.0	2.0	5.0
483	49.0	3.0	7.0	6.0	4.0	11.0
484	49.0	4.0	3.0	10.0	11.0	5.0
485	49.0	5.0	8.0	2.0	10.0	4.0
486	49.0	6.0	10.0	12.0	7.0	13.0
487	49.0	7.0	13.0	2.0	1.0	11.0
488	49.0	8.0	9.0	3.0	4.0	13.0
489	49.0	9.0	9.0	7.0	1.0	8.0
490	49.0	10.0	1.0	12.0	4.0	5.0
491	50.0	1.0	3.0	2.0	13.0	5.0
492	50.0	2.0	8.0	13.0	1.0	11.0
493	50.0	3.0	13.0	6.0	9.0	4.0
494	50.0	4.0	4.0	11.0	10.0	5.0
495	50.0	5.0	9.0	10.0	1.0	2.0
496	50.0	6.0	7.0	6.0	10.0	3.0
497	50.0	7.0	12.0	1.0	7.0	4.0
498	50.0	8.0	7.0	5.0	8.0	9.0
499	50.0	9.0	2.0	6.0	8.0	12.0
500	50.0	10.0	11.0	9.0	3.0	12.0
501	51.0	1.0	10.0	13.0	4.0	3.0
502	51.0	2.0	5.0	1.0	10.0	9.0
503	51.0	3.0	6.0	11.0	12.0	10.0
504	51.0	4.0	6.0	3.0	5.0	2.0
505	51.0	5.0	12.0	1.0	4.0	2.0
506	51.0	6.0	7.0	13.0	2.0	11.0
507	51.0	7.0	1.0	6.0	8.0	7.0
508	51.0	8.0	3.0	12.0	9.0	7.0
509	51.0	9.0	11.0	4.0	8.0	9.0
510	51.0	10.0	13.0	8.0	12.0	5.0
511	52.0	1.0	4.0	6.0	9.0	11.0
512	52.0	2.0	5.0	4.0	1.0	7.0
513	52.0	3.0	10.0	8.0	3.0	4.0
514	52.0	4.0	6.0	12.0	5.0	10.0
515	52.0	5.0	12.0	11.0	7.0	3.0
516	52.0	6.0	9.0	8.0	13.0	12.0
517	52.0	7.0	7.0	13.0	2.0	10.0
518	52.0	8.0	1.0	3.0	13.0	6.0
519	52.0	9.0	8.0	1.0	2.0	11.0
520	52.0	10.0	2.0	5.0	9.0	3.0
521	53.0	1.0	4.0	13.0	6.0	9.0
522	53.0	2.0	10.0	3.0	13.0	7.0
523	53.0	3.0	1.0	13.0	11.0	2.0
524	53.0	4.0	3.0	12.0	1.0	6.0
525	53.0	5.0	2.0	10.0	9.0	12.0
526	53.0	6.0	5.0	4.0	11.0	12.0
527	53.0	7.0	5.0	8.0	1.0	10.0
528	53.0	8.0	6.0	7.0	5.0	2.0
529	53.0	9.0	8.0	9.0	11.0	7.0
530	53.0	10.0	4.0	2.0	8.0	3.0
531	54.0	1.0	7.0	13.0	11.0	5.0
532	54.0	2.0	11.0	6.0	4.0	1.0
533	54.0	3.0	12.0	3.0	11.0	10.0
534	54.0	4.0	3.0	1.0	5.0	9.0
535	54.0	5.0	4.0	12.0	9.0	7.0
536	54.0	6.0	13.0	9.0	10.0	2.0
537	54.0	7.0	8.0	2.0	4.0	3.0
538	54.0	8.0	2.0	12.0	5.0	6.0
539	54.0	9.0	7.0	6.0	10.0	8.0
540	54.0	10.0	12.0	8.0	1.0	13.0
541	55.0	1.0	1.0	7.0	5.0	10.0
542	55.0	2.0	9.0	12.0	11.0	10.0
543	55.0	3.0	10.0	4.0	13.0	3.0
544	55.0	4.0	9.0	7.0	2.0	3.0
545	55.0	5.0	11.0	5.0	4.0	2.0
546	55.0	6.0	2.0	6.0	1.0	13.0
547	55.0	7.0	6.0	8.0	11.0	3.0
548	55.0	8.0	12.0	7.0	4.0	6.0
549	55.0	9.0	12.0	13.0	8.0	5.0
550	55.0	10.0	4.0	8.0	9.0	1.0
551	56.0	1.0	13.0	8.0	10.0	9.0
552	56.0	2.0	6.0	8.0	11.0	1.0
553	56.0	3.0	5.0	2.0	8.0	7.0
554	56.0	4.0	13.0	12.0	11.0	7.0
555	56.0	5.0	9.0	12.0	1.0	5.0
556	56.0	6.0	10.0	4.0	2.0	12.0
557	56.0	7.0	1.0	7.0	4.0	3.0
558	56.0	8.0	13.0	6.0	4.0	5.0
559	56.0	9.0	2.0	3.0	9.0	6.0
560	56.0	10.0	3.0	5.0	10.0	11.0
561	57.0	1.0	10.0	6.0	5.0	12.0
562	57.0	2.0	10.0	4.0	7.0	2.0
563	57.0	3.0	10.0	13.0	1.0	8.0
564	57.0	4.0	1.0	7.0	9.0	6.0
565	57.0	5.0	9.0	12.0	4.0	13.0
566	57.0	6.0	5.0	11.0	9.0	8.0
567	57.0	7.0	4.0	11.0	1.0	3.0
568	57.0	8.0	6.0	2.0	11.0	13.0
569	57.0	9.0	8.0	2.0	12.0	3.0
570	57.0	10.0	3.0	5.0	13.0	7.0
571	58.0	1.0	6.0	13.0	7.0	3.0
572	58.0	2.0	8.0	5.0	1.0	6.0
573	58.0	3.0	11.0	10.0	9.0	6.0
574	58.0	4.0	8.0	2.0	3.0	10.0
575	58.0	5.0	2.0	13.0	1.0	11.0
576	58.0	6.0	9.0	2.0	12.0	7.0
577	58.0	7.0	10.0	12.0	1.0	4.0
578	58.0	8.0	11.0	3.0	5.0	12.0
579	58.0	9.0	13.0	9.0	5.0	4.0
580	58.0	10.0	11.0	7.0	8.0	4.0
581	59.0	1.0	3.0	7.0	12.0	6.0
582	59.0	2.0	8.0	9.0	13.0	12.0
583	59.0	3.0	11.0	1.0	2.0	12.0
584	59.0	4.0	9.0	2.0	10.0	7.0
585	59.0	5.0	10.0	1.0	3.0	13.0
586	59.0	6.0	5.0	6.0	10.0	11.0
587	59.0	7.0	2.0	5.0	4.0	13.0
588	59.0	8.0	8.0	1.0	7.0	5.0
589	59.0	9.0	8.0	4.0	11.0	3.0
590	59.0	10.0	9.0	6.0	1.0	4.0
591	60.0	1.0	6.0	8.0	9.0	10.0
592	60.0	2.0	7.0	11.0	9.0	3.0
593	60.0	3.0	4.0	9.0	5.0	1.0
594	60.0	4.0	10.0	1.0	12.0	7.0
595	60.0	5.0	12.0	8.0	5.0	3.0
596	60.0	6.0	4.0	6.0	2.0	12.0
597	60.0	7.0	3.0	2.0	13.0	1.0
598	60.0	8.0	11.0	10.0	5.0	2.0
599	60.0	9.0	11.0	8.0	13.0	4.0
600	60.0	10.0	13.0	7.0	5.0	6.0
601	61.0	1.0	3.0	10.0	2.0	1.0
602	61.0	2.0	9.0	2.0	12.0	11.0
603	61.0	3.0	8.0	7.0	5.0	2.0
604	61.0	4.0	7.0	9.0	3.0	6.0
605	61.0	5.0	6.0	11.0	5.0	1.0
606	61.0	6.0	4.0	8.0	6.0	10.0
607	61.0	7.0	4.0	13.0	7.0	11.0
608	61.0	8.0	5.0	12.0	3.0	4.0
609	61.0	9.0	13.0	12.0	1.0	8.0
610	61.0	10.0	10.0	13.0	9.0	5.0
611	62.0	1.0	10.0	1.0	11.0	7.0
612	62.0	2.0	7.0	4.0	2.0	8.0
613	62.0	3.0	7.0	6.0	5.0	13.0
614	62.0	4.0	8.0	13.0	1.0	9.0
615	62.0	5.0	2.0	6.0	9.0	11.0
616	62.0	6.0	3.0	10.0	5.0	9.0
617	62.0	7.0	3.0	13.0	12.0	2.0
618	62.0	8.0	3.0	4.0	1.0	6.0
619	62.0	9.0	4.0	11.0	12.0	5.0
620	62.0	10.0	8.0	10.0	12.0	6.0
621	63.0	1.0	5.0	3.0	9.0	4.0
622	63.0	2.0	6.0	10.0	13.0	4.0
623	63.0	3.0	12.0	1.0	4.0	7.0
624	63.0	4.0	9.0	11.0	13.0	12.0
625	63.0	5.0	1.0	3.0	10.0	11.0
626	63.0	6.0	11.0	2.0	7.0	5.0
627	63.0	7.0	8.0	10.0	12.0	2.0
628	63.0	8.0	2.0	9.0	1.0	6.0
629	63.0	9.0	7.0	6.0	8.0	3.0
630	63.0	10.0	5.0	8.0	13.0	1.0
631	64.0	1.0	2.0	4.0	9.0	1.0
632	64.0	2.0	10.0	9.0	3.0	13.0
633	64.0	3.0	7.0	5.0	9.0	8.0
634	64.0	4.0	3.0	11.0	2.0	5.0
635	64.0	5.0	11.0	4.0	10.0	7.0
636	64.0	6.0	8.0	11.0	6.0	1.0
637	64.0	7.0	12.0	5.0	10.0	6.0
638	64.0	8.0	6.0	7.0	2.0	13.0
639	64.0	9.0	13.0	8.0	4.0	12.0
640	64.0	10.0	12.0	1.0	3.0	7.0
641	65.0	1.0	10.0	1.0	5.0	13.0
642	65.0	2.0	9.0	6.0	12.0	1.0
643	65.0	3.0	3.0	8.0	1.0	2.0
644	65.0	4.0	11.0	12.0	3.0	13.0
645	65.0	5.0	2.0	5.0	6.0	11.0
646	65.0	6.0	11.0	7.0	8.0	10.0
647	65.0	7.0	7.0	3.0	6.0	4.0
648	65.0	8.0	7.0	9.0	13.0	2.0
649	65.0	9.0	4.0	9.0	8.0	5.0
650	65.0	10.0	12.0	2.0	4.0	10.0
651	66.0	1.0	1.0	2.0	4.0	6.0
652	66.0	2.0	12.0	8.0	5.0	2.0
653	66.0	3.0	13.0	3.0	10.0	2.0
654	66.0	4.0	3.0	9.0	5.0	4.0
655	66.0	5.0	6.0	10.0	9.0	12.0
656	66.0	6.0	11.0	9.0	13.0	1.0
657	66.0	7.0	3.0	11.0	12.0	7.0
658	66.0	8.0	11.0	4.0	8.0	10.0
659	66.0	9.0	13.0	7.0	8.0	6.0
660	66.0	10.0	7.0	10.0	1.0	5.0
661	67.0	1.0	3.0	5.0	1.0	10.0
662	67.0	2.0	12.0	5.0	7.0	13.0
663	67.0	3.0	8.0	9.0	5.0	6.0
664	67.0	4.0	6.0	3.0	11.0	12.0
665	67.0	5.0	11.0	10.0	8.0	13.0
666	67.0	6.0	1.0	11.0	9.0	4.0
667	67.0	7.0	6.0	2.0	13.0	4.0
668	67.0	8.0	7.0	4.0	8.0	3.0
669	67.0	9.0	10.0	2.0	9.0	7.0
670	67.0	10.0	12.0	8.0	2.0	1.0
671	68.0	1.0	1.0	6.0	5.0	10.0
672	68.0	2.0	5.0	4.0	7.0	12.0
673	68.0	3.0	3.0	11.0	5.0	2.0
674	68.0	4.0	11.0	7.0	10.0	8.0
675	68.0	5.0	12.0	8.0	6.0	2.0
676	68.0	6.0	1.0	8.0	9.0	3.0
677	68.0	7.0	12.0	9.0	11.0	13.0
678	68.0	8.0	2.0	9.0	10.0	4.0
679	68.0	9.0	13.0	6.0	3.0	4.0
680	68.0	10.0	7.0	1.0	2.0	13.0
681	69.0	1.0	3.0	6.0	8.0	13.0
682	69.0	2.0	5.0	12.0	3.0	7.0
683	69.0	3.0	1.0	9.0	2.0	3.0
684	69.0	4.0	8.0	12.0	1.0	11.0
685	69.0	5.0	7.0	6.0	11.0	9.0
686	69.0	6.0	2.0	13.0	4.0	11.0
687	69.0	7.0	10.0	1.0	4.0	7.0
688	69.0	8.0	4.0	8.0	5.0	9.0
689	69.0	9.0	6.0	10.0	5.0	2.0
690	69.0	10.0	12.0	10.0	13.0	9.0
691	70.0	1.0	1.0	2.0	13.0	12.0
692	70.0	2.0	4.0	11.0	6.0	1.0
693	70.0	3.0	1.0	8.0	3.0	7.0
694	70.0	4.0	5.0	8.0	4.0	2.0
695	70.0	5.0	6.0	13.0	3.0	5.0
696	70.0	6.0	7.0	5.0	9.0	12.0
697	70.0	7.0	6.0	10.0	9.0	8.0
698	70.0	8.0	3.0	9.0	2.0	11.0
699	70.0	9.0	7.0	11.0	13.0	10.0
700	70.0	10.0	3.0	4.0	12.0	10.0
701	71.0	1.0	4.0	8.0	5.0	10.0
702	71.0	2.0	7.0	2.0	12.0	4.0
703	71.0	3.0	11.0	4.0	13.0	9.0
704	71.0	4.0	2.0	8.0	9.0	3.0
705	71.0	5.0	11.0	7.0	10.0	3.0
706	71.0	6.0	5.0	13.0	6.0	3.0
707	71.0	7.0	6.0	9.0	7.0	1.0
708	71.0	8.0	11.0	6.0	12.0	8.0
709	71.0	9.0	12.0	1.0	10.0	13.0
710	71.0	10.0	11.0	5.0	2.0	1.0
711	72.0	1.0	8.0	6.0	12.0	10.0
712	72.0	2.0	12.0	5.0	11.0	2.0
713	72.0	3.0	4.0	3.0	12.0	13.0
714	72.0	4.0	11.0	9.0	8.0	4.0
715	72.0	5.0	10.0	5.0	13.0	9.0
716	72.0	6.0	9.0	6.0	7.0	3.0
717	72.0	7.0	7.0	1.0	5.0	4.0
718	72.0	8.0	2.0	13.0	7.0	8.0
719	72.0	9.0	1.0	2.0	3.0	10.0
720	72.0	10.0	11.0	1.0	6.0	13.0
721	73.0	1.0	6.0	4.0	3.0	12.0
722	73.0	2.0	13.0	8.0	3.0	11.0
723	73.0	3.0	3.0	9.0	2.0	1.0
724	73.0	4.0	12.0	7.0	9.0	8.0
725	73.0	5.0	1.0	7.0	6.0	11.0
726	73.0	6.0	5.0	7.0	4.0	2.0
727	73.0	7.0	10.0	11.0	5.0	9.0
728	73.0	8.0	13.0	5.0	1.0	12.0
729	73.0	9.0	10.0	2.0	13.0	6.0
730	73.0	10.0	4.0	1.0	10.0	8.0
731	74.0	1.0	10.0	13.0	9.0	2.0
732	74.0	2.0	5.0	1.0	8.0	13.0
733	74.0	3.0	4.0	13.0	6.0	7.0
734	74.0	4.0	2.0	8.0	12.0	7.0
735	74.0	5.0	12.0	9.0	6.0	1.0
736	74.0	6.0	12.0	10.0	11.0	4.0
737	74.0	7.0	3.0	1.0	7.0	11.0
738	74.0	8.0	2.0	11.0	5.0	6.0
739	74.0	9.0	5.0	3.0	4.0	9.0
740	74.0	10.0	8.0	3.0	10.0	6.0
741	75.0	1.0	9.0	6.0	10.0	4.0
742	75.0	2.0	9.0	5.0	13.0	8.0
743	75.0	3.0	3.0	9.0	12.0	7.0
744	75.0	4.0	13.0	2.0	7.0	6.0
745	75.0	5.0	2.0	8.0	3.0	10.0
746	75.0	6.0	11.0	12.0	4.0	2.0
747	75.0	7.0	1.0	8.0	7.0	11.0
748	75.0	8.0	11.0	6.0	3.0	5.0
749	75.0	9.0	10.0	5.0	1.0	12.0
750	75.0	10.0	4.0	3.0	1.0	13.0
751	76.0	1.0	8.0	11.0	3.0	13.0
752	76.0	2.0	10.0	9.0	13.0	1.0
753	76.0	3.0	5.0	12.0	13.0	4.0
754	76.0	4.0	12.0	1.0	3.0	2.0
755	76.0	5.0	11.0	2.0	5.0	9.0
756	76.0	6.0	8.0	6.0	4.0	2.0
757	76.0	7.0	12.0	7.0	6.0	9.0
758	76.0	8.0	6.0	5.0	3.0	10.0
759	76.0	9.0	11.0	10.0	7.0	4.0
760	76.0	10.0	1.0	8.0	5.0	7.0
761	77.0	1.0	9.0	4.0	1.0	7.0
762	77.0	2.0	13.0	10.0	5.0	7.0
763	77.0	3.0	7.0	6.0	2.0	3.0
764	77.0	4.0	5.0	12.0	1.0	6.0
765	77.0	5.0	4.0	12.0	2.0	13.0
766	77.0	6.0	9.0	11.0	12.0	3.0
767	77.0	7.0	8.0	6.0	11.0	13.0
768	77.0	8.0	1.0	11.0	10.0	2.0
769	77.0	9.0	4.0	10.0	8.0	3.0
770	77.0	10.0	9.0	2.0	8.0	5.0
771	78.0	1.0	13.0	9.0	4.0	8.0
772	78.0	2.0	12.0	13.0	3.0	5.0
773	78.0	3.0	6.0	13.0	1.0	7.0
774	78.0	4.0	9.0	7.0	11.0	5.0
775	78.0	5.0	6.0	11.0	12.0	8.0
776	78.0	6.0	10.0	4.0	11.0	1.0
777	78.0	7.0	7.0	10.0	2.0	12.0
778	78.0	8.0	10.0	6.0	9.0	3.0
779	78.0	9.0	1.0	2.0	8.0	3.0
780	78.0	10.0	2.0	4.0	5.0	6.0
781	79.0	1.0	9.0	11.0	12.0	3.0
782	79.0	2.0	4.0	12.0	6.0	1.0
783	79.0	3.0	12.0	10.0	8.0	7.0
784	79.0	4.0	13.0	8.0	6.0	9.0
785	79.0	5.0	7.0	1.0	13.0	3.0
786	79.0	6.0	10.0	13.0	2.0	11.0
787	79.0	7.0	1.0	2.0	8.0	5.0
788	79.0	8.0	4.0	2.0	9.0	7.0
789	79.0	9.0	3.0	10.0	5.0	4.0
790	79.0	10.0	5.0	6.0	11.0	7.0
791	80.0	1.0	8.0	3.0	2.0	6.0
792	80.0	2.0	8.0	11.0	7.0	12.0
793	80.0	3.0	1.0	13.0	8.0	5.0
794	80.0	4.0	4.0	2.0	5.0	11.0
795	80.0	5.0	3.0	4.0	13.0	7.0
796	80.0	6.0	1.0	6.0	4.0	10.0
797	80.0	7.0	7.0	9.0	10.0	5.0
798	80.0	8.0	12.0	2.0	13.0	10.0
799	80.0	9.0	12.0	3.0	9.0	1.0
800	80.0	10.0	13.0	9.0	11.0	6.0
801	81.0	1.0	13.0	6.0	9.0	10.0
802	81.0	2.0	3.0	8.0	2.0	9.0
803	81.0	3.0	9.0	4.0	7.0	1.0
804	81.0	4.0	2.0	6.0	12.0	1.0
805	81.0	5.0	4.0	10.0	12.0	8.0
806	81.0	6.0	7.0	12.0	5.0	13.0
807	81.0	7.0	1.0	5.0	11.0	8.0
808	81.0	8.0	6.0	5.0	3.0	4.0
809	81.0	9.0	7.0	10.0	3.0	11.0
810	81.0	10.0	11.0	2.0	13.0	4.0
811	82.0	1.0	3.0	13.0	7.0	4.0
812	82.0	2.0	7.0	6.0	1.0	2.0
813	82.0	3.0	9.0	10.0	7.0	8.0
814	82.0	4.0	12.0	9.0	4.0	1.0
815	82.0	5.0	8.0	13.0	12.0	2.0
816	82.0	6.0	3.0	11.0	10.0	12.0
817	82.0	7.0	11.0	5.0	9.0	2.0
818	82.0	8.0	4.0	8.0	6.0	11.0
819	82.0	9.0	5.0	13.0	6.0	10.0
820	82.0	10.0	1.0	5.0	8.0	3.0
821	83.0	1.0	9.0	13.0	1.0	11.0
822	83.0	2.0	4.0	11.0	7.0	6.0
823	83.0	3.0	12.0	5.0	10.0	11.0
824	83.0	4.0	9.0	5.0	8.0	7.0
825	83.0	5.0	4.0	12.0	1.0	8.0
826	83.0	6.0	10.0	13.0	8.0	3.0
827	83.0	7.0	4.0	2.0	3.0	5.0
828	83.0	8.0	3.0	12.0	9.0	6.0
829	83.0	9.0	10.0	1.0	2.0	6.0
830	83.0	10.0	12.0	13.0	2.0	7.0
831	84.0	1.0	13.0	12.0	9.0	11.0
832	84.0	2.0	11.0	6.0	2.0	3.0
833	84.0	3.0	1.0	11.0	4.0	8.0
834	84.0	4.0	6.0	5.0	9.0	1.0
835	84.0	5.0	4.0	3.0	13.0	5.0
836	84.0	6.0	8.0	10.0	5.0	12.0
837	84.0	7.0	7.0	1.0	3.0	10.0
838	84.0	8.0	2.0	9.0	4.0	10.0
839	84.0	9.0	13.0	8.0	7.0	2.0
840	84.0	10.0	6.0	12.0	7.0	4.0
841	85.0	1.0	12.0	5.0	13.0	11.0
842	85.0	2.0	9.0	13.0	8.0	1.0
843	85.0	3.0	13.0	2.0	4.0	6.0
844	85.0	4.0	5.0	10.0	1.0	2.0
845	85.0	5.0	12.0	9.0	4.0	10.0
846	85.0	6.0	7.0	6.0	11.0	10.0
847	85.0	7.0	9.0	7.0	2.0	3.0
848	85.0	8.0	4.0	5.0	7.0	8.0
849	85.0	9.0	12.0	3.0	8.0	6.0
850	85.0	10.0	3.0	4.0	1.0	11.0
851	86.0	1.0	4.0	13.0	2.0	8.0
852	86.0	2.0	1.0	13.0	10.0	7.0
853	86.0	3.0	6.0	13.0	5.0	9.0
854	86.0	4.0	5.0	1.0	12.0	2.0
855	86.0	5.0	12.0	8.0	9.0	7.0
856	86.0	6.0	4.0	6.0	12.0	3.0
857	86.0	7.0	3.0	7.0	11.0	5.0
858	86.0	8.0	3.0	9.0	2.0	10.0
859	86.0	9.0	10.0	11.0	8.0	6.0
860	86.0	10.0	4.0	9.0	11.0	1.0
861	87.0	1.0	5.0	13.0	12.0	10.0
862	87.0	2.0	8.0	4.0	5.0	6.0
863	87.0	3.0	2.0	7.0	3.0	5.0
864	87.0	4.0	2.0	12.0	1.0	6.0
865	87.0	5.0	1.0	10.0	4.0	7.0
866	87.0	6.0	3.0	13.0	1.0	11.0
867	87.0	7.0	4.0	9.0	11.0	2.0
868	87.0	8.0	7.0	8.0	11.0	12.0
869	87.0	9.0	3.0	9.0	8.0	10.0
870	87.0	10.0	9.0	7.0	13.0	6.0
871	88.0	1.0	10.0	2.0	7.0	8.0
872	88.0	2.0	2.0	12.0	11.0	1.0
873	88.0	3.0	3.0	4.0	2.0	6.0
874	88.0	4.0	13.0	8.0	11.0	3.0
875	88.0	5.0	7.0	6.0	13.0	1.0
876	88.0	6.0	9.0	13.0	4.0	10.0
877	88.0	7.0	3.0	5.0	1.0	9.0
878	88.0	8.0	6.0	12.0	8.0	9.0
879	88.0	9.0	12.0	5.0	4.0	7.0
880	88.0	10.0	6.0	11.0	5.0	10.0
881	89.0	1.0	4.0	5.0	7.0	13.0
882	89.0	2.0	8.0	2.0	5.0	9.0
883	89.0	3.0	12.0	3.0	5.0	6.0
884	89.0	4.0	10.0	2.0	7.0	6.0
885	89.0	5.0	12.0	9.0	10.0	4.0
886	89.0	6.0	10.0	13.0	3.0	11.0
887	89.0	7.0	11.0	1.0	6.0	9.0
888	89.0	8.0	11.0	7.0	8.0	12.0
889	89.0	9.0	1.0	3.0	8.0	4.0
890	89.0	10.0	1.0	2.0	12.0	13.0
891	90.0	1.0	12.0	9.0	13.0	4.0
892	90.0	2.0	11.0	9.0	6.0	10.0
893	90.0	3.0	2.0	9.0	3.0	1.0
894	90.0	4.0	4.0	5.0	2.0	11.0
895	90.0	5.0	12.0	10.0	5.0	1.0
896	90.0	6.0	8.0	13.0	3.0	5.0
897	90.0	7.0	2.0	7.0	8.0	10.0
898	90.0	8.0	8.0	6.0	1.0	4.0
899	90.0	9.0	3.0	7.0	6.0	12.0
900	90.0	10.0	7.0	1.0	11.0	13.0
901	91.0	1.0	7.0	11.0	9.0	1.0
902	91.0	2.0	9.0	8.0	5.0	3.0
903	91.0	3.0	2.0	10.0	13.0	9.0
904	91.0	4.0	13.0	1.0	8.0	4.0
905	91.0	5.0	10.0	7.0	3.0	4.0
906	91.0	6.0	11.0	12.0	4.0	2.0
907	91.0	7.0	3.0	13.0	6.0	12.0
908	91.0	8.0	10.0	5.0	12.0	1.0
909	91.0	9.0	2.0	5.0	6.0	7.0
910	91.0	10.0	11.0	6.0	10.0	8.0
911	92.0	1.0	10.0	7.0	3.0	1.0
912	92.0	2.0	2.0	1.0	11.0	8.0
913	92.0	3.0	5.0	6.0	12.0	1.0
914	92.0	4.0	9.0	6.0	3.0	2.0
915	92.0	5.0	9.0	10.0	8.0	12.0
916	92.0	6.0	7.0	5.0	9.0	4.0
917	92.0	7.0	8.0	13.0	6.0	4.0
918	92.0	8.0	4.0	11.0	3.0	12.0
919	92.0	9.0	10.0	5.0	13.0	11.0
920	92.0	10.0	2.0	12.0	7.0	13.0
921	93.0	1.0	3.0	8.0	2.0	6.0
922	93.0	2.0	11.0	12.0	7.0	8.0
923	93.0	3.0	13.0	1.0	5.0	8.0
924	93.0	4.0	5.0	4.0	11.0	2.0
925	93.0	5.0	3.0	13.0	4.0	7.0
926	93.0	6.0	1.0	6.0	10.0	4.0
927	93.0	7.0	10.0	9.0	7.0	5.0
928	93.0	8.0	13.0	12.0	10.0	2.0
929	93.0	9.0	9.0	12.0	1.0	3.0
930	93.0	10.0	6.0	13.0	11.0	9.0
931	94.0	1.0	5.0	9.0	11.0	6.0
932	94.0	2.0	2.0	10.0	11.0	8.0
933	94.0	3.0	3.0	1.0	13.0	11.0
934	94.0	4.0	13.0	6.0	8.0	7.0
935	94.0	5.0	7.0	5.0	1.0	2.0
936	94.0	6.0	7.0	9.0	4.0	3.0
937	94.0	7.0	4.0	2.0	12.0	13.0
938	94.0	8.0	6.0	10.0	4.0	1.0
939	94.0	9.0	10.0	5.0	12.0	3.0
940	94.0	10.0	1.0	8.0	12.0	9.0
941	95.0	1.0	6.0	1.0	12.0	5.0
942	95.0	2.0	4.0	12.0	13.0	9.0
943	95.0	3.0	12.0	10.0	11.0	8.0
944	95.0	4.0	5.0	3.0	11.0	13.0
945	95.0	5.0	6.0	9.0	8.0	3.0
946	95.0	6.0	1.0	10.0	2.0	3.0
947	95.0	7.0	11.0	2.0	7.0	9.0
948	95.0	8.0	5.0	2.0	8.0	4.0
949	95.0	9.0	4.0	7.0	6.0	10.0
950	95.0	10.0	13.0	7.0	8.0	1.0
951	96.0	1.0	12.0	10.0	13.0	6.0
952	96.0	2.0	6.0	2.0	5.0	8.0
953	96.0	3.0	7.0	1.0	6.0	9.0
954	96.0	4.0	2.0	3.0	7.0	12.0
955	96.0	5.0	10.0	3.0	9.0	5.0
956	96.0	6.0	1.0	11.0	3.0	13.0
957	96.0	7.0	11.0	7.0	4.0	5.0
958	96.0	8.0	8.0	9.0	12.0	11.0
959	96.0	9.0	4.0	1.0	8.0	10.0
960	96.0	10.0	2.0	4.0	9.0	13.0
961	97.0	1.0	1.0	5.0	12.0	9.0
962	97.0	2.0	8.0	13.0	9.0	7.0
963	97.0	3.0	10.0	11.0	2.0	9.0
964	97.0	4.0	4.0	7.0	10.0	1.0
965	97.0	5.0	5.0	8.0	4.0	2.0
966	97.0	6.0	11.0	12.0	3.0	4.0
967	97.0	7.0	3.0	10.0	6.0	8.0
968	97.0	8.0	13.0	1.0	2.0	3.0
969	97.0	9.0	13.0	5.0	11.0	6.0
970	97.0	10.0	6.0	7.0	12.0	2.0
971	98.0	1.0	4.0	10.0	3.0	9.0
972	98.0	2.0	10.0	1.0	2.0	11.0
973	98.0	3.0	5.0	10.0	13.0	6.0
974	98.0	4.0	9.0	2.0	13.0	8.0
975	98.0	5.0	4.0	11.0	8.0	6.0
976	98.0	6.0	8.0	12.0	3.0	5.0
977	98.0	7.0	12.0	13.0	7.0	11.0
978	98.0	8.0	6.0	1.0	9.0	12.0
979	98.0	9.0	4.0	5.0	7.0	1.0
980	98.0	10.0	7.0	6.0	3.0	2.0
981	99.0	1.0	11.0	7.0	9.0	5.0
982	99.0	2.0	12.0	2.0	6.0	9.0
983	99.0	3.0	1.0	13.0	8.0	9.0
984	99.0	4.0	10.0	11.0	2.0	1.0
985	99.0	5.0	10.0	7.0	8.0	12.0
986	99.0	6.0	10.0	3.0	13.0	5.0
987	99.0	7.0	4.0	12.0	1.0	3.0
988	99.0	8.0	3.0	8.0	6.0	11.0
989	99.0	9.0	7.0	13.0	6.0	4.0
990	99.0	10.0	8.0	5.0	2.0	4.0
991	100.0	1.0	10.0	13.0	12.0	2.0
992	100.0	2.0	12.0	3.0	9.0	5.0
993	100.0	3.0	1.0	8.0	12.0	11.0
994	100.0	4.0	3.0	13.0	4.0	8.0
995	100.0	5.0	10.0	11.0	9.0	4.0
996	100.0	6.0	1.0	4.0	6.0	2.0
997	100.0	7.0	7.0	8.0	9.0	6.0
998	100.0	8.0	6.0	11.0	13.0	5.0
999	100.0	9.0	10.0	1.0	5.0	7.0
1000	100.0	10.0	7.0	2.0	11.0	3.0
						
