Version	Set	Item1	Item2	Item3	Item4	Item5
1	1	22	5	15	12	7
1	2	2	4	6	9	17
1	3	13	20	21	26	24
1	4	10	23	18	14	3
1	5	19	16	4	11	5
1	6	27	25	28	1	8
1	7	6	18	24	16	12
1	8	15	13	2	14	25
1	9	26	9	23	11	28
1	10	1	17	22	3	21
1	11	20	8	19	7	10
1	12	14	11	12	21	27
1	13	8	15	26	4	18
1	14	9	19	3	25	16
1	15	17	28	10	5	24
1	16	7	6	13	23	1
1	17	18	2	27	22	20
2	1	28	14	6	4	22
2	2	3	27	11	24	15
2	3	12	26	1	10	2
2	4	25	21	20	5	23
2	5	16	7	14	17	8
2	6	19	28	9	13	18
2	7	5	26	3	27	6
2	8	24	1	25	7	4
2	9	20	12	17	15	9
2	10	23	22	16	10	13
2	11	18	21	8	2	11
2	12	25	22	17	19	26
2	13	21	16	28	6	15
2	14	1	9	5	8	14
2	15	4	3	13	20	12
2	16	11	10	7	18	27
2	17	23	24	15	2	19
3	1	11	6	19	20	14
3	2	8	3	24	28	22
3	3	21	1	9	15	10
3	4	12	19	27	17	23
3	5	13	18	6	25	5
3	6	15	4	20	28	23
3	7	3	2	26	16	7
3	8	27	17	4	13	11
3	9	14	5	2	24	26
3	10	7	28	21	19	12
3	11	10	11	25	22	9
3	12	16	20	1	18	17
3	13	2	8	5	13	28
3	14	4	23	14	3	21
3	15	9	24	16	27	7
3	16	22	15	18	26	1
3	17	6	12	10	8	25
4	1	24	21	18	17	15
4	2	19	1	11	3	6
4	3	22	14	12	16	13
4	4	28	20	7	25	2
4	5	27	10	5	21	4
4	6	26	8	9	23	17
4	7	14	24	4	1	19
4	8	28	25	26	12	11
4	9	10	2	13	9	3
4	10	5	7	23	18	16
4	11	8	27	22	6	20
4	12	15	13	19	26	21
4	13	9	3	28	14	18
4	14	24	12	8	11	23
4	15	16	27	2	1	20
4	16	4	25	22	5	15
4	17	17	7	14	6	10
5	1	25	18	17	27	2
5	2	26	9	7	20	4
5	3	2	21	23	22	6
5	4	14	19	27	15	8
5	5	1	17	11	5	13
5	6	18	25	12	4	3
5	7	16	22	21	8	9
5	8	3	5	20	26	14
5	9	13	23	27	1	28
5	10	6	26	15	11	16
5	11	7	24	13	21	25
5	12	17	16	3	10	28
5	13	5	6	24	12	9
5	14	23	14	25	19	18
5	15	11	15	10	28	7
5	16	12	4	8	2	1
5	17	20	10	22	24	19
6	1	23	15	7	12	3
6	2	22	11	2	19	5
6	3	27	1	10	9	26
6	4	21	18	24	28	6
6	5	17	16	15	14	25
6	6	20	8	3	11	13
6	7	18	19	1	7	5
6	8	4	2	16	23	10
6	9	21	14	9	27	12
6	10	15	13	8	6	17
6	11	28	20	14	22	7
6	12	26	10	25	8	24
6	13	19	4	16	13	27
6	14	2	6	1	3	24
6	15	5	17	28	12	20
6	16	9	11	23	25	22
6	17	8	26	4	18	21
7	1	24	1	20	16	14
7	2	2	9	5	15	19
7	3	3	7	17	21	22
7	4	6	28	26	4	27
7	5	18	10	12	14	13
7	6	25	3	5	23	8
7	7	10	21	19	20	6
7	8	26	14	11	7	2
7	9	23	27	15	17	1
7	10	28	12	8	19	16
7	11	9	13	24	22	4
7	12	1	25	21	2	28
7	13	13	22	18	26	20
7	14	3	15	4	10	11
7	15	7	5	27	9	8
7	16	12	23	17	24	26
7	17	11	18	6	25	16
8	1	5	26	21	16	10
8	2	11	3	19	24	27
8	3	1	22	12	17	2
8	4	7	9	23	20	6
8	5	14	28	13	5	15
8	6	24	22	10	27	25
8	7	4	7	13	8	18
8	8	16	20	28	1	11
8	9	12	19	3	2	26
8	10	17	4	11	21	14
8	11	20	9	25	15	18
8	12	8	6	2	14	23
8	13	13	17	26	7	19
8	14	21	16	9	3	12
8	15	6	5	1	10	4
8	16	22	27	18	23	28
8	17	15	25	16	8	24
9	1	28	24	14	9	17
9	2	10	13	23	19	1
9	3	7	4	12	6	22
9	4	25	27	3	20	5
9	5	21	11	18	2	9
9	6	26	23	16	4	24
9	7	15	8	20	10	12
9	8	19	2	28	18	17
9	9	14	21	25	26	1
9	10	8	17	11	5	22
9	11	3	15	6	27	13
9	12	25	2	7	16	4
9	13	11	12	5	23	21
9	14	6	19	8	9	1
9	15	10	14	22	18	3
9	16	27	26	7	28	15
9	17	16	5	24	13	20
10	1	22	16	2	15	12
10	2	9	13	10	28	4
10	3	21	3	1	7	8
10	4	12	25	27	19	14
10	5	4	23	20	17	2
10	6	24	18	15	8	5
10	7	17	6	13	11	25
10	8	19	1	22	21	15
10	9	5	28	16	3	23
10	10	2	7	11	24	10
10	11	27	6	26	22	16
10	12	1	11	20	12	18
10	13	23	8	14	26	9
10	14	3	28	4	25	19
10	15	20	2	21	13	27
10	16	18	10	6	17	26
10	17	14	24	9	7	5
11	1	15	12	18	16	14
11	2	20	24	6	23	19
11	3	4	3	17	9	22
11	4	13	11	12	1	7
11	5	21	5	10	25	27
11	6	8	16	19	28	26
11	7	24	13	15	3	2
11	8	11	20	4	14	8
11	9	10	21	28	24	17
11	10	22	23	25	13	7
11	11	2	17	5	27	16
11	12	9	15	1	6	3
11	13	18	19	7	4	21
11	14	25	8	26	20	17
11	15	28	14	2	6	10
11	16	27	18	9	12	23
11	17	5	22	26	1	11
12	1	6	12	22	5	28
12	2	23	10	4	15	1
12	3	17	7	24	27	3
12	4	26	13	14	5	25
12	5	19	9	10	2	8
12	6	23	20	21	11	15
12	7	25	18	12	6	24
12	8	7	27	8	22	14
12	9	16	9	17	21	11
12	10	12	26	3	10	20
12	11	15	7	28	2	6
12	12	18	1	8	3	13
12	13	14	22	19	16	24
12	14	13	12	27	4	21
12	15	2	28	23	26	11
12	16	1	16	25	20	9
12	17	17	4	5	18	19
13	1	20	15	14	10	17
13	2	19	3	6	7	26
13	3	27	24	1	28	4
13	4	13	11	9	16	10
13	5	6	5	19	23	21
13	6	7	17	15	12	25
13	7	3	2	22	18	20
13	8	24	21	13	8	12
13	9	10	23	16	18	27
13	10	4	14	1	22	8
13	11	26	12	2	9	5
13	12	11	4	6	25	28
13	13	9	19	20	27	15
13	14	22	1	23	26	24
13	15	28	8	17	13	3
13	16	16	25	21	14	2
13	17	5	11	7	1	18
14	1	15	27	5	4	26
14	2	19	2	11	24	22
14	3	9	6	23	14	13
14	4	8	21	3	7	16
14	5	12	28	18	4	20
14	6	17	8	27	6	2
14	7	14	15	22	11	3
14	8	1	10	12	19	25
14	9	16	27	26	13	6
14	10	28	22	18	21	9
14	11	5	20	24	10	11
14	12	1	7	16	17	23
14	13	4	5	2	12	13
14	14	23	3	25	8	9
14	15	21	26	24	15	18
14	16	17	14	28	1	19
14	17	25	20	10	22	7
15	1	16	12	4	7	28
15	2	26	17	13	19	22
15	3	18	2	15	25	1
15	4	27	23	8	14	10
15	5	3	6	20	5	21
15	6	11	24	7	9	4
15	7	22	13	15	10	16
15	8	20	9	26	28	1
15	9	5	25	17	21	23
15	10	24	18	14	3	27
15	11	12	19	8	11	6
15	12	2	4	3	23	20
15	13	7	6	9	15	22
15	14	13	25	11	28	27
15	15	10	16	19	18	5
15	16	8	1	21	2	24
15	17	6	26	12	17	14
16	1	1	3	27	9	12
16	2	23	11	18	7	13
16	3	8	10	5	22	28
16	4	4	14	19	20	21
16	5	25	17	6	24	9
16	6	11	16	8	15	26
16	7	2	27	20	14	7
16	8	22	28	24	12	23
16	9	3	10	19	26	25
16	10	6	5	4	1	16
16	11	9	21	2	13	18
16	12	27	22	3	17	11
16	13	19	4	25	15	23
16	14	18	20	28	8	16
16	15	14	26	21	5	7
16	16	10	15	17	2	12
16	17	24	20	13	6	1
17	1	13	24	9	4	19
17	2	7	21	10	27	6
17	3	18	8	26	4	17
17	4	28	9	5	3	15
17	5	12	23	1	11	14
17	6	6	4	10	22	8
17	7	20	3	16	25	17
17	8	22	13	14	21	2
17	9	15	7	27	19	5
17	10	26	23	18	24	6
17	11	2	12	20	16	10
17	12	21	1	11	28	25
17	13	8	15	23	20	13
17	14	11	9	27	16	14
17	15	28	19	7	2	3
17	16	26	25	22	24	12
17	17	5	18	17	1	10
18	1	5	8	15	12	9
18	2	7	10	17	24	13
18	3	14	11	6	3	18
18	4	27	23	22	4	21
18	5	1	26	16	15	28
18	6	3	10	12	21	8
18	7	24	2	11	17	4
18	8	9	1	25	14	7
18	9	19	16	3	23	5
18	10	15	6	11	21	20
18	11	25	27	28	8	24
18	12	19	18	9	26	22
18	13	20	5	14	13	25
18	14	4	2	23	10	26
18	15	12	7	13	27	18
18	16	17	28	21	20	19
18	17	16	22	1	6	2
19	1	13	9	21	10	28
19	2	16	18	7	8	17
19	3	4	14	24	3	15
19	4	13	12	19	27	1
19	5	20	17	9	23	22
19	6	25	5	2	18	6
19	7	7	8	23	19	11
19	8	21	16	4	26	3
19	9	22	24	20	5	27
19	10	23	14	10	11	28
19	11	8	25	2	9	4
19	12	6	20	26	7	12
19	13	1	13	24	16	21
19	14	18	19	15	28	22
19	15	3	17	5	12	1
19	16	10	24	14	25	6
19	17	2	15	27	11	26
20	1	24	12	14	19	2
20	2	3	26	28	13	7
20	3	9	11	18	10	4
20	4	23	6	16	25	27
20	5	15	17	1	20	19
20	6	13	22	8	5	11
20	7	28	18	12	23	24
20	8	21	27	3	26	10
20	9	5	4	7	1	14
20	10	12	25	22	16	9
20	11	27	28	8	2	20
20	12	17	21	6	18	15
20	13	19	3	13	25	11
20	14	26	20	24	9	5
20	15	10	7	15	2	23
20	16	14	13	4	17	16
20	17	21	1	6	22	8
21	1	22	3	28	24	15
21	2	14	2	18	27	26
21	3	9	17	7	21	23
21	4	11	16	4	20	12
21	5	8	19	10	24	1
21	6	2	13	16	6	9
21	7	1	27	22	18	3
21	8	15	5	13	14	8
21	9	27	9	11	19	17
21	10	26	23	21	13	25
21	11	4	19	22	7	6
21	12	28	14	20	18	10
21	13	16	21	19	12	5
21	14	25	15	17	4	24
21	15	11	1	10	26	23
21	16	6	28	2	5	3
21	17	12	8	25	20	7
22	1	17	12	23	28	5
22	2	20	4	1	9	27
22	3	18	24	11	8	16
22	4	10	2	13	22	17
22	5	19	25	28	14	21
22	6	12	15	3	6	9
22	7	25	22	26	27	4
22	8	24	7	5	23	3
22	9	8	26	9	17	14
22	10	15	10	27	19	16
22	11	7	21	18	1	2
22	12	20	26	6	11	13
22	13	1	14	23	16	24
22	14	5	10	4	3	18
22	15	7	28	25	15	13
22	16	21	11	12	22	20
22	17	23	6	2	8	19
23	1	3	7	16	11	2
23	2	10	1	26	12	22
23	3	6	4	27	8	28
23	4	24	19	9	20	18
23	5	22	23	7	15	14
23	6	17	11	5	2	27
23	7	16	8	15	4	21
23	8	13	25	1	23	3
23	9	11	20	28	7	26
23	10	4	24	21	27	12
23	11	18	13	19	10	25
23	12	14	3	20	6	17
23	13	28	22	16	5	9
23	14	26	19	12	13	8
23	15	23	18	14	1	15
23	16	21	24	25	17	2
23	17	9	5	7	6	10
24	1	20	23	3	21	8
24	2	14	6	12	10	4
24	3	15	9	25	1	11
24	4	7	16	24	22	19
24	5	23	18	5	13	27
24	6	1	28	4	26	17
24	7	3	11	10	24	8
24	8	27	21	19	9	14
24	9	12	6	15	28	13
24	10	18	16	22	25	20
24	11	2	5	1	7	26
24	12	6	27	17	28	16
24	13	13	9	2	3	4
24	14	5	15	24	21	11
24	15	26	12	18	25	14
24	16	2	22	8	19	23
24	17	10	20	17	4	7
25	1	12	4	9	2	23
25	2	22	1	13	11	28
25	3	17	16	26	3	19
25	4	27	24	6	23	20
25	5	4	5	14	22	15
25	6	9	18	8	17	7
25	7	16	13	27	15	10
25	8	19	25	4	20	5
25	9	11	17	13	14	12
25	10	25	10	3	28	21
25	11	26	2	20	15	24
25	12	8	1	11	25	6
25	13	24	7	3	12	18
25	14	10	26	21	9	22
25	15	28	14	23	16	2
25	16	7	8	27	5	1
25	17	19	21	6	18	11
26	1	14	3	1	19	20
26	2	4	11	28	9	24
26	3	15	8	17	10	6
26	4	3	27	2	12	25
26	5	17	9	22	23	5
26	6	20	13	16	4	18
26	7	25	5	7	26	21
26	8	23	19	10	11	27
26	9	16	6	24	13	1
26	10	28	7	15	2	21
26	11	8	22	14	5	12
26	12	6	4	23	18	26
26	13	9	27	25	7	16
26	14	1	28	19	12	10
26	15	18	17	11	3	22
26	16	13	26	2	24	14
26	17	21	15	8	27	20
27	1	7	14	9	6	3
27	2	22	4	25	17	19
27	3	24	20	5	10	13
27	4	23	12	21	16	11
27	5	18	27	26	8	28
27	6	3	2	4	15	1
27	7	6	10	20	22	7
27	8	2	13	19	8	9
27	9	11	10	16	14	25
27	10	12	17	27	21	1
27	11	5	24	18	28	9
27	12	15	26	7	11	19
27	13	22	3	13	21	4
27	14	28	6	14	25	23
27	15	2	20	5	1	18
27	16	16	3	12	26	8
27	17	27	23	24	17	15
28	1	9	7	26	15	12
28	2	24	8	11	4	2
28	3	3	20	28	23	9
28	4	5	19	6	21	16
28	5	25	1	9	2	10
28	6	13	22	14	27	17
28	7	8	15	18	3	25
28	8	10	7	4	24	16
28	9	27	11	12	5	28
28	10	17	23	26	19	13
28	11	21	14	20	7	8
28	12	19	25	22	27	24
28	13	4	21	17	18	6
28	14	1	16	28	14	26
28	15	11	10	23	5	3
28	16	20	12	15	13	7
28	17	22	18	1	6	2
29	1	28	2	10	19	21
29	2	7	13	24	11	6
29	3	15	27	23	1	4
29	4	14	9	10	12	18
29	5	20	16	22	26	3
29	6	2	8	17	25	5
29	7	13	23	18	28	7
29	8	12	6	27	14	3
29	9	24	21	1	9	26
29	10	4	19	16	5	8
29	11	6	11	25	20	15
29	12	17	28	7	24	22
29	13	14	15	21	13	5
29	14	19	18	20	9	27
29	15	23	22	8	1	12
29	16	26	2	11	4	25
29	17	10	17	3	16	15
30	1	4	24	12	8	14
30	2	16	2	21	23	20
30	3	9	1	3	13	17
30	4	26	15	5	6	19
30	5	27	28	8	7	10
30	6	11	5	16	18	14
30	7	21	28	13	22	4
30	8	1	25	12	17	20
30	9	24	14	2	3	19
30	10	18	9	15	22	11
30	11	25	4	23	7	28
30	12	11	26	21	17	27
30	13	8	6	9	16	13
30	14	1	12	19	10	7
30	15	15	24	18	20	23
30	16	27	10	26	2	22
30	17	5	3	6	25	24
31	1	13	18	2	12	23
31	2	9	14	15	4	19
31	3	7	1	11	27	3
31	4	26	5	6	23	22
31	5	28	8	17	20	24
31	6	25	23	9	10	21
31	7	17	19	7	16	18
31	8	5	13	27	6	9
31	9	20	4	14	10	26
31	10	22	7	2	11	12
31	11	3	21	13	1	8
31	12	25	16	24	15	27
31	13	19	3	28	4	6
31	14	2	20	14	11	17
31	15	8	25	10	26	18
31	16	12	9	22	21	24
31	17	16	15	1	28	5
32	1	13	25	22	15	10
32	2	24	1	6	2	28
32	3	4	12	17	5	11
32	4	23	26	3	19	13
32	5	6	22	20	9	16
32	6	14	27	21	18	7
32	7	10	6	8	17	23
32	8	12	11	25	19	28
32	9	27	24	3	18	4
32	10	15	22	8	14	1
32	11	20	26	5	24	10
32	12	16	12	27	2	15
32	13	18	7	4	1	25
32	14	28	21	26	14	9
32	15	22	5	7	3	2
32	16	21	20	19	13	17
32	17	9	16	11	8	23
33	1	18	12	21	15	6
33	2	1	4	20	23	27
33	3	26	11	8	24	13
33	4	6	19	17	7	14
33	5	5	28	10	9	2
33	6	23	8	7	21	22
33	7	10	13	4	16	27
33	8	5	28	12	20	25
33	9	2	17	9	3	15
33	10	19	18	11	1	26
33	11	14	3	25	22	16
33	12	21	9	24	6	1
33	13	8	4	5	20	11
33	14	2	27	13	25	14
33	15	24	23	15	12	19
33	16	3	10	28	18	22
33	17	7	17	16	26	25
34	1	11	13	15	28	20
34	2	1	14	10	17	24
34	3	12	6	3	26	4
34	4	25	5	23	27	21
34	5	18	2	19	16	8
34	6	4	22	20	7	9
34	7	21	10	6	11	14
34	8	17	1	18	13	5
34	9	28	3	26	8	27
34	10	10	2	21	4	15
34	11	7	24	16	25	13
34	12	17	18	23	3	12
34	13	22	27	20	6	2
34	14	19	25	9	12	8
34	15	23	14	1	28	16
34	16	15	7	5	9	26
34	17	27	11	24	22	19
35	1	6	17	12	28	10
35	2	16	9	22	11	3
35	3	5	1	19	14	20
35	4	8	23	2	24	7
35	5	15	25	18	6	26
35	6	4	16	13	22	12
35	7	14	27	24	5	17
35	8	20	3	19	2	13
35	9	23	26	28	25	4
35	10	22	15	1	8	21
35	11	11	9	27	10	18
35	12	26	21	2	16	17
35	13	7	19	4	27	6
35	14	9	20	25	3	1
35	15	13	8	14	18	28
35	16	12	10	15	23	5
35	17	3	24	7	21	11
36	1	3	14	10	7	25
36	2	13	12	26	24	9
36	3	19	21	18	5	22
36	4	6	2	11	1	25
36	5	28	14	17	15	4
36	6	10	20	8	27	12
36	7	13	5	6	23	3
36	8	11	17	2	9	15
36	9	18	4	28	24	1
36	10	20	7	12	21	16
36	11	26	8	25	17	22
36	12	14	11	27	9	4
36	13	24	23	16	19	10
36	14	1	13	27	26	7
36	15	21	15	3	19	28
36	16	8	16	5	2	6
36	17	18	22	14	20	23
37	1	12	18	28	16	2
37	2	9	25	6	19	21
37	3	14	8	24	3	26
37	4	22	17	23	28	11
37	5	4	10	1	13	5
37	6	27	28	9	26	20
37	7	6	18	13	7	15
37	8	25	22	5	27	24
37	9	16	1	4	21	17
37	10	3	15	20	10	11
37	11	19	12	22	14	2
37	12	5	9	23	8	7
37	13	24	6	10	1	16
37	14	8	11	25	4	18
37	15	2	23	13	14	21
37	16	27	26	1	3	15
37	17	17	19	7	12	20
38	1	16	3	18	14	5
38	2	21	20	2	25	24
38	3	26	19	1	11	23
38	4	28	13	22	8	10
38	5	9	24	4	6	14
38	6	15	26	20	23	16
38	7	10	7	27	2	18
38	8	19	15	8	4	22
38	9	17	24	12	13	9
38	10	11	5	21	28	27
38	11	7	23	14	15	25
38	12	20	6	26	22	1
38	13	8	21	17	18	3
38	14	25	16	11	12	13
38	15	2	28	9	5	19
38	16	23	27	17	10	6
38	17	1	4	3	7	12
39	1	6	1	12	9	8
39	2	26	4	5	11	14
39	3	15	9	16	24	28
39	4	27	13	19	20	18
39	5	21	2	10	4	26
39	6	23	3	9	17	25
39	7	7	11	6	22	28
39	8	3	16	8	10	19
39	9	18	12	24	21	5
39	10	1	14	15	13	7
39	11	2	25	20	8	27
39	12	22	28	4	23	3
39	13	10	26	18	19	9
39	14	11	6	13	2	17
39	15	20	7	21	24	23
39	16	25	5	15	1	22
39	17	17	27	14	16	12
40	1	9	10	3	23	11
40	2	12	2	28	26	7
40	3	4	20	5	17	8
40	4	27	19	23	6	13
40	5	14	11	21	22	10
40	6	25	2	1	18	9
40	7	13	3	12	5	21
40	8	28	17	19	15	1
40	9	16	9	7	20	4
40	10	14	8	15	6	27
40	11	24	22	26	3	2
40	12	4	25	23	12	19
40	13	24	18	16	15	11
40	14	10	13	14	26	20
40	15	18	17	22	27	1
40	16	16	21	25	28	6
40	17	5	8	11	7	24
41	1	3	6	20	4	18
41	2	22	16	26	5	17
41	3	1	23	2	21	8
41	4	7	24	28	27	3
41	5	15	4	13	25	10
41	6	6	26	11	18	12
41	7	19	5	9	14	2
41	8	21	27	3	1	16
41	9	20	28	9	8	13
41	10	22	24	18	12	25
41	11	26	21	4	2	15
41	12	23	14	16	6	28
41	13	19	7	25	11	17
41	14	9	15	27	18	23
41	15	5	22	10	13	7
41	16	11	12	8	20	14
41	17	17	10	19	1	24
42	1	21	18	7	17	6
42	2	23	20	1	11	13
42	3	19	2	22	24	14
42	4	28	26	17	25	5
42	5	3	12	6	10	15
42	6	16	1	7	9	20
42	7	18	4	5	2	23
42	8	24	8	6	25	10
42	9	16	19	27	28	26
42	10	9	17	22	13	21
42	11	14	11	7	15	3
42	12	12	27	8	4	21
42	13	2	1	11	10	28
42	14	8	13	24	16	18
42	15	5	20	15	19	3
42	16	27	22	25	23	12
42	17	13	14	26	9	4
43	1	25	7	10	9	27
43	2	12	16	13	5	23
43	3	15	28	24	17	4
43	4	22	1	8	7	26
43	5	13	25	3	20	2
43	6	26	5	24	27	6
43	7	1	3	23	11	9
43	8	25	21	14	26	18
43	9	7	19	16	4	11
43	10	6	15	2	22	12
43	11	17	23	20	10	24
43	12	28	13	19	3	8
43	13	10	21	5	14	1
43	14	20	18	28	16	22
43	15	8	2	17	15	27
43	16	11	6	4	19	21
43	17	28	9	18	12	14
44	1	11	17	9	24	20
44	2	27	23	13	7	26
44	3	14	12	19	1	24
44	4	6	20	21	28	25
44	5	5	16	15	8	11
44	6	4	22	18	23	10
44	7	13	14	1	25	17
44	8	4	9	2	5	16
44	9	6	10	12	26	20
44	10	3	27	22	21	11
44	11	7	19	10	8	16
44	12	15	18	28	24	5
44	13	12	3	17	2	7
44	14	21	15	13	22	9
44	15	23	25	26	18	19
44	16	8	6	3	1	4
44	17	2	28	14	20	27
45	1	20	15	22	19	6
45	2	18	10	7	2	28
45	3	5	4	27	12	1
45	4	26	24	21	23	8
45	5	17	14	6	16	3
45	6	28	25	11	22	13
45	7	9	10	12	21	19
45	8	23	16	15	4	25
45	9	20	5	18	3	17
45	10	9	8	14	27	22
45	11	2	24	4	7	13
45	12	10	11	12	26	15
45	13	1	28	27	13	19
45	14	14	7	23	6	5
45	15	18	8	11	17	2
45	16	24	9	25	3	10
45	17	1	26	16	20	21
46	1	16	27	1	22	24
46	2	21	12	8	28	7
46	3	26	13	9	6	18
46	4	10	17	23	16	2
46	5	25	3	19	8	5
46	6	15	11	1	18	20
46	7	17	4	26	21	14
46	8	2	22	6	12	23
46	9	7	5	15	9	19
46	10	24	17	3	13	26
46	11	11	2	28	14	1
46	12	27	20	25	10	5
46	13	19	6	24	11	28
46	14	12	4	8	25	9
46	15	3	18	21	27	16
46	16	13	23	10	17	15
46	17	4	7	20	14	22
47	1	23	5	17	28	9
47	2	16	14	2	15	25
47	3	4	22	19	17	27
47	4	21	13	5	11	12
47	5	14	20	24	23	3
47	6	27	15	6	1	9
47	7	3	26	28	7	12
47	8	13	21	18	19	20
47	9	25	2	11	6	27
47	10	22	18	10	14	8
47	11	15	7	21	24	4
47	12	26	11	22	9	16
47	13	1	10	4	5	12
47	14	8	19	23	26	3
47	15	2	24	16	13	6
47	16	18	1	17	25	7
47	17	8	21	20	10	28
48	1	18	1	7	16	26
48	2	20	2	9	12	24
48	3	22	6	3	5	4
48	4	21	23	8	15	1
48	5	16	12	17	27	10
48	6	5	26	19	15	2
48	7	28	25	16	3	21
48	8	24	23	4	18	11
48	9	9	28	27	14	17
48	10	10	3	2	22	13
48	11	7	19	14	21	25
48	12	6	13	4	8	18
48	13	12	27	20	19	15
48	14	11	16	13	5	14
48	15	28	24	1	23	22
48	16	7	9	6	26	10
48	17	17	8	25	20	11
49	1	10	19	28	4	16
49	2	27	26	23	20	11
49	3	1	18	9	2	3
49	4	22	7	5	17	6
49	5	24	12	25	13	15
49	6	11	14	18	10	19
49	7	2	4	7	27	20
49	8	6	8	16	14	23
49	9	5	11	3	24	21
49	10	14	15	12	28	22
49	11	19	1	13	4	17
49	12	3	16	9	18	12
49	13	15	17	24	26	8
49	14	20	25	5	6	1
49	15	23	9	21	2	19
49	16	13	27	8	7	28
49	17	25	21	26	10	22
50	1	27	17	18	21	6
50	2	8	24	10	1	14
50	3	13	26	25	19	28
50	4	4	7	11	12	23
50	5	9	5	27	3	8
50	6	17	22	12	19	6
50	7	26	15	14	3	18
50	8	4	25	2	8	13
50	9	19	21	24	16	23
50	10	18	20	13	7	5
50	11	12	6	26	1	28
50	12	20	10	22	16	15
50	13	9	3	11	25	4
50	14	23	27	14	24	2
50	15	17	16	15	11	7
50	16	21	22	1	9	20
50	17	5	28	10	2	26
51	1	22	3	23	17	2
51	2	12	11	21	13	27
51	3	7	9	19	14	24
51	4	6	26	28	20	4
51	5	1	2	5	8	16
51	6	25	10	15	27	18
51	7	13	14	6	3	9
51	8	8	20	19	12	17
51	9	16	4	26	22	24
51	10	28	6	15	23	21
51	11	19	18	27	5	1
51	12	10	16	7	6	20
51	13	11	8	22	9	26
51	14	24	12	2	18	25
51	15	14	28	17	21	5
51	16	3	10	4	15	13
51	17	25	1	23	11	7
52	1	15	17	11	4	18
52	2	12	13	3	1	22
52	3	21	24	20	4	10
52	4	17	9	27	25	16
52	5	26	5	12	23	14
52	6	2	19	10	11	6
52	7	4	18	28	9	8
52	8	22	3	25	5	19
52	9	15	21	2	8	7
52	10	26	27	17	24	6
52	11	18	23	16	13	22
52	12	1	28	7	10	3
52	13	9	20	19	15	23
52	14	14	12	4	16	27
52	15	26	2	21	13	1
52	16	11	5	20	28	24
52	17	6	7	14	25	8
53	1	2	14	18	20	3
53	2	24	8	6	1	15
53	3	5	17	13	9	10
53	4	7	22	12	18	21
53	5	8	3	11	19	26
53	6	23	25	4	28	16
53	7	2	15	12	26	5
53	8	10	11	1	21	14
53	9	20	4	22	17	9
53	10	19	13	23	7	27
53	11	18	28	24	6	25
53	12	16	19	1	2	20
53	13	28	22	5	27	8
53	14	3	6	16	12	11
53	15	25	15	26	14	13
53	16	10	7	9	24	17
53	17	27	23	3	21	4
54	1	21	16	9	15	14
54	2	27	18	10	26	5
54	3	28	2	6	11	13
54	4	1	25	5	16	4
54	5	19	24	3	22	15
54	6	16	26	8	7	9
54	7	3	12	17	20	23
54	8	6	19	18	4	2
54	9	7	13	22	20	14
54	10	12	21	25	10	17
54	11	15	27	28	3	2
54	12	13	10	8	5	24
54	13	20	22	26	25	11
54	14	9	23	17	28	1
54	15	24	11	27	7	12
54	16	23	8	21	18	6
54	17	14	1	19	12	4
55	1	16	24	13	28	12
55	2	17	4	2	22	26
55	3	19	5	25	27	21
55	4	11	1	18	23	10
55	5	15	28	8	17	14
55	6	3	26	16	27	10
55	7	8	12	20	2	9
55	8	22	14	24	19	18
55	9	5	20	15	6	23
55	10	7	1	2	25	3
55	11	4	27	11	13	21
55	12	5	6	3	9	7
55	13	8	23	13	10	19
55	14	12	15	7	18	28
55	15	6	11	14	17	25
55	16	4	9	24	26	1
55	17	22	16	21	8	20
56	1	26	10	14	23	12
56	2	17	7	5	21	2
56	3	24	1	15	22	27
56	4	8	14	4	3	17
56	5	10	9	28	11	19
56	6	14	20	27	2	25
56	7	9	13	6	18	16
56	8	11	4	22	5	15
56	9	25	21	3	8	24
56	10	18	17	1	26	13
56	11	7	6	23	19	22
56	12	28	3	20	24	13
56	13	23	25	16	12	5
56	14	9	10	27	15	6
56	15	21	28	7	4	26
56	16	19	2	17	16	11
56	17	1	8	12	20	18
57	1	2	5	24	14	18
57	2	28	25	9	22	12
57	3	20	19	26	16	7
57	4	1	4	13	6	15
57	5	11	8	27	10	3
57	6	16	17	18	5	28
57	7	2	9	21	6	23
57	8	10	15	7	13	25
57	9	17	12	19	1	8
57	10	23	5	26	14	11
57	11	13	18	20	3	21
57	12	4	22	10	24	2
57	13	3	14	6	1	16
57	14	27	7	28	2	11
57	15	25	15	22	8	23
57	16	24	19	21	17	20
57	17	12	26	9	27	4
58	1	6	5	12	22	10
58	2	13	11	16	15	8
58	3	20	23	14	4	28
58	4	21	24	5	9	1
58	5	7	27	2	13	22
58	6	18	26	25	19	17
58	7	16	2	24	10	12
58	8	17	3	1	23	7
58	9	27	19	8	4	28
58	10	18	11	20	25	9
58	11	3	21	15	6	26
58	12	5	14	10	7	8
58	13	4	18	23	2	25
58	14	20	6	16	1	27
58	15	26	3	11	12	24
58	16	22	21	10	28	17
58	17	15	13	14	9	19
59	1	12	13	23	21	9
59	2	22	25	1	14	27
59	3	15	20	13	17	5
59	4	24	18	8	23	7
59	5	9	16	28	11	3
59	6	6	12	4	5	19
59	7	26	8	2	20	10
59	8	14	22	28	16	21
59	9	2	27	9	18	15
59	10	6	24	7	21	25
59	11	4	10	3	19	18
59	12	13	2	26	28	1
59	13	8	17	11	22	6
59	14	19	16	15	25	12
59	15	5	23	27	26	24
59	16	1	20	10	11	14
59	17	3	7	4	15	17
60	1	11	21	5	2	16
60	2	22	1	18	26	7
60	3	24	14	19	27	13
60	4	3	28	15	12	20
60	5	25	8	5	9	18
60	6	23	6	17	10	2
60	7	7	16	9	19	26
60	8	28	4	6	25	24
60	9	21	11	12	18	15
60	10	14	2	22	3	5
60	11	20	17	8	24	26
60	12	15	1	28	23	10
60	13	13	5	4	7	20
60	14	16	23	3	27	22
60	15	11	6	12	8	13
60	16	10	9	21	14	4
60	17	27	25	17	1	19
61	1	25	10	20	8	4
61	2	19	15	24	2	11
61	3	14	12	6	7	27
61	4	13	18	22	16	10
61	5	26	5	25	21	1
61	6	23	22	11	4	9
61	7	20	24	14	15	26
61	8	17	3	25	13	16
61	9	8	9	1	12	2
61	10	28	19	26	6	5
61	11	1	13	7	11	23
61	12	21	18	19	3	14
61	13	9	4	16	24	17
61	14	2	20	6	27	3
61	15	10	21	12	17	28
61	16	5	7	19	15	22
61	17	27	28	18	8	23
62	1	22	27	26	11	21
62	2	12	17	7	2	14
62	3	28	10	24	3	19
62	4	6	9	25	23	20
62	5	13	27	18	17	15
62	6	11	28	4	5	1
62	7	18	26	16	14	6
62	8	5	12	23	20	10
62	9	21	1	3	19	8
62	10	9	14	13	28	22
62	11	25	11	5	7	24
62	12	26	23	15	4	2
62	13	24	13	8	27	16
62	14	19	20	1	6	22
62	15	17	26	3	12	25
62	16	10	4	9	18	7
62	17	15	8	2	16	21
63	1	16	10	17	1	5
63	2	18	20	14	28	11
63	3	12	13	4	21	27
63	4	19	25	2	22	9
63	5	7	3	28	26	8
63	6	1	15	27	10	24
63	7	23	7	16	20	21
63	8	4	15	14	25	6
63	9	8	24	22	5	12
63	10	7	6	21	17	11
63	11	2	25	13	23	28
63	12	15	22	10	18	3
63	13	27	19	20	9	5
63	14	3	24	23	6	17
63	15	14	16	8	26	4
63	16	12	1	9	24	18
63	17	26	2	11	13	19
64	1	16	19	12	10	6
64	2	21	27	5	4	3
64	3	28	7	15	9	1
64	4	24	14	19	13	23
64	5	17	11	22	20	2
64	6	6	18	13	5	8
64	7	25	12	26	15	20
64	8	19	21	2	7	28
64	9	8	17	1	23	14
64	10	4	22	24	16	18
64	11	10	9	26	11	27
64	12	3	4	20	1	13
64	13	14	2	7	10	25
64	14	27	28	18	12	17
64	15	9	16	23	5	15
64	16	22	6	21	8	26
64	17	24	3	25	14	11
65	1	26	27	17	15	10
65	2	18	20	24	28	21
65	3	5	6	2	3	9
65	4	11	8	15	19	4
65	5	1	21	16	25	10
65	6	12	23	14	27	3
65	7	4	26	13	17	9
65	8	7	11	6	24	1
65	9	23	26	19	22	18
65	10	20	16	27	3	7
65	11	28	5	10	19	13
65	12	14	7	8	22	9
65	13	2	12	20	24	4
65	14	27	28	6	25	16
65	15	5	14	17	21	15
65	16	23	2	11	18	8
65	17	1	13	25	22	12
66	1	18	5	11	7	12
66	2	22	10	21	25	13
66	3	15	23	1	16	2
66	4	19	18	3	14	26
66	5	7	4	10	6	20
66	6	8	22	27	28	25
66	7	9	24	21	13	6
66	8	11	17	4	16	19
66	9	2	27	5	1	14
66	10	28	9	23	26	24
66	11	10	8	12	15	3
66	12	21	19	26	20	16
66	13	5	24	22	17	7
66	14	6	1	18	4	8
66	15	20	23	13	11	27
66	16	25	3	9	2	15
66	17	17	14	28	6	12
67	1	13	3	5	12	23
67	2	8	17	20	2	9
67	3	15	16	27	18	24
67	4	3	1	12	11	22
67	5	13	10	6	26	14
67	6	4	25	7	19	23
67	7	16	2	28	8	22
67	8	20	21	14	9	1
67	9	10	25	11	24	15
67	10	27	7	19	18	6
67	11	11	28	4	21	5
67	12	17	9	18	23	10
67	13	16	26	14	4	12
67	14	6	15	22	20	28
67	15	25	13	17	8	7
67	16	9	19	27	21	1
67	17	26	5	24	3	2
68	1	27	6	24	9	26
68	2	2	12	15	13	21
68	3	16	18	5	25	20
68	4	26	7	3	1	28
68	5	12	11	9	14	19
68	6	18	22	23	4	21
68	7	24	28	16	13	17
68	8	22	2	1	10	6
68	9	23	15	8	5	19
68	10	11	12	9	7	16
68	11	21	24	10	17	25
68	12	3	6	8	27	4
68	13	2	15	7	20	18
68	14	14	8	10	19	13
68	15	22	3	17	23	11
68	16	1	4	2	28	5
68	17	14	20	25	26	27
69	1	10	23	16	7	3
69	2	13	26	22	5	18
69	3	19	25	1	28	11
69	4	4	17	12	2	27
69	5	9	10	20	8	5
69	6	24	21	6	15	19
69	7	18	16	2	14	10
69	8	25	4	3	9	22
69	9	6	11	13	1	16
69	10	17	20	28	18	15
69	11	22	27	7	12	24
69	12	23	5	25	6	14
69	13	8	18	21	27	11
69	14	4	1	15	26	17
69	15	28	13	20	9	3
69	16	7	14	19	24	2
69	17	12	8	26	21	23
70	1	23	27	14	10	28
70	2	15	13	4	22	7
70	3	8	25	12	16	5
70	4	1	14	18	17	4
70	5	6	26	9	2	21
70	6	19	22	12	11	20
70	7	1	4	23	24	10
70	8	18	7	3	25	26
70	9	14	15	22	16	9
70	10	20	8	1	12	24
70	11	5	17	6	27	25
70	12	26	2	11	15	13
70	13	21	9	28	7	8
70	14	24	10	11	3	16
70	15	27	19	13	20	23
70	16	18	28	2	12	6
70	17	17	19	21	3	5
71	1	3	6	9	20	17
71	2	12	18	26	1	19
71	3	11	21	15	14	28
71	4	13	2	24	23	25
71	5	16	22	17	8	27
71	6	4	5	7	10	20
71	7	21	1	18	13	3
71	8	15	26	23	6	22
71	9	8	28	10	25	12
71	10	5	24	14	22	13
71	11	28	16	19	4	2
71	12	27	9	5	15	7
71	13	20	21	25	11	14
71	14	2	3	6	19	8
71	15	7	23	17	16	1
71	16	9	12	4	24	18
71	17	10	11	27	28	26
72	1	21	7	4	12	13
72	2	25	19	16	9	26
72	3	10	22	24	2	18
72	4	3	4	8	14	15
72	5	28	5	20	23	1
72	6	24	8	17	26	7
72	7	9	23	10	6	11
72	8	15	1	25	21	27
72	9	22	16	13	20	6
72	10	12	15	19	17	23
72	11	25	18	27	5	4
72	12	3	20	26	28	24
72	13	14	27	2	21	12
72	14	1	11	8	5	16
72	15	19	3	21	10	22
72	16	2	9	28	13	17
72	17	11	14	7	18	6
73	1	8	18	1	13	9
73	2	24	20	11	4	27
73	3	16	26	5	2	21
73	4	7	1	28	22	19
73	5	17	25	3	11	2
73	6	5	12	6	15	4
73	7	13	14	27	10	7
73	8	20	18	23	21	25
73	9	16	24	14	8	28
73	10	1	6	15	3	20
73	11	12	10	9	26	22
73	12	6	19	13	17	25
73	13	23	4	2	7	8
73	14	15	11	18	5	28
73	15	9	17	22	27	14
73	16	26	13	16	3	12
73	17	21	23	10	19	24
74	1	22	28	25	6	12
74	2	17	20	10	5	2
74	3	4	13	26	8	11
74	4	1	24	12	25	9
74	5	28	7	15	16	21
74	6	10	6	18	19	8
74	7	11	9	5	14	23
74	8	19	2	1	27	22
74	9	20	16	17	18	26
74	10	7	3	25	4	14
74	11	5	21	6	24	13
74	12	23	27	3	28	16
74	13	13	15	8	9	19
74	14	26	12	23	1	7
74	15	4	10	21	11	17
74	16	2	22	20	14	23
74	17	18	27	24	3	15
75	1	11	17	22	23	18
75	2	7	26	8	27	20
75	3	6	5	4	16	19
75	4	14	25	15	1	10
75	5	2	9	11	24	3
75	6	20	28	12	13	4
75	7	18	7	16	22	21
75	8	8	25	3	26	5
75	9	6	17	14	1	21
75	10	19	23	20	28	24
75	11	9	10	16	15	12
75	12	13	8	27	2	1
75	13	24	22	5	4	14
75	14	25	9	19	7	18
75	15	27	21	23	12	11
75	16	17	15	28	13	3
75	17	26	6	7	10	2
76	1	12	3	14	20	16
76	2	26	15	22	11	25
76	3	28	5	18	9	10
76	4	17	12	24	7	13
76	5	23	3	4	21	6
76	6	27	5	2	19	16
76	7	25	28	8	22	17
76	8	7	19	11	12	20
76	9	10	13	3	18	1
76	10	21	4	9	2	27
76	11	14	26	19	17	5
76	12	16	24	7	23	15
76	13	22	8	21	20	1
76	14	14	11	18	6	28
76	15	4	23	13	25	26
76	16	15	10	27	8	6
76	17	25	2	1	24	9
77	1	16	27	10	1	13
77	2	12	2	5	18	3
77	3	23	17	6	9	7
77	4	8	16	4	14	28
77	5	13	5	21	22	26
77	6	19	20	17	4	10
77	7	5	1	11	3	7
77	8	20	16	15	25	6
77	9	3	19	22	27	12
77	10	10	21	25	28	18
77	11	9	14	7	15	23
77	12	6	11	2	17	24
77	13	28	22	26	1	4
77	14	27	24	9	23	8
77	15	2	20	26	21	15
77	16	18	25	24	12	19
77	17	11	14	16	8	13
78	1	5	28	19	15	8
78	2	2	4	3	10	22
78	3	20	7	13	25	27
78	4	24	26	1	6	28
78	5	18	15	2	7	11
78	6	10	1	26	5	14
78	7	4	11	6	16	25
78	8	27	18	23	26	17
78	9	21	8	14	7	3
78	10	28	10	20	12	2
78	11	22	24	23	16	5
78	12	14	17	18	19	9
78	13	1	6	12	27	4
78	14	21	16	22	24	9
78	15	3	13	19	11	23
78	16	15	12	8	21	17
78	17	25	13	5	9	20
79	1	16	6	13	18	14
79	2	26	9	15	11	1
79	3	27	7	28	5	22
79	4	12	25	23	14	2
79	5	4	18	24	20	8
79	6	10	21	11	26	27
79	7	13	1	17	2	16
79	8	19	22	25	6	8
79	9	15	14	13	24	4
79	10	7	19	20	10	11
79	11	17	12	18	3	5
79	12	1	23	15	22	20
79	13	9	3	16	28	21
79	14	23	8	10	6	12
79	15	24	26	28	17	25
79	16	3	27	9	4	19
79	17	5	2	21	8	7
80	1	5	24	6	27	15
80	2	19	14	1	21	20
80	3	12	16	7	26	10
80	4	2	23	28	13	9
80	5	11	4	8	22	25
80	6	18	15	17	10	3
80	7	22	2	20	14	6
80	8	11	5	9	12	1
80	9	23	21	4	17	16
80	10	7	27	13	28	18
80	11	8	3	26	19	24
80	12	9	10	4	25	2
80	13	6	28	12	14	26
80	14	8	20	27	11	17
80	15	16	25	1	23	18
80	16	24	7	3	22	21
80	17	15	13	19	4	5
81	1	24	10	22	11	13
81	2	3	6	27	25	21
81	3	26	9	18	8	20
81	4	1	4	7	15	24
81	5	17	5	27	10	23
81	6	14	1	19	3	28
81	7	22	12	6	9	15
81	8	28	11	4	23	26
81	9	14	24	16	20	27
81	10	6	7	21	13	12
81	11	2	17	11	19	16
81	12	28	8	3	1	23
81	13	25	22	17	18	15
81	14	26	8	5	2	10
81	15	13	11	21	9	14
81	16	5	20	25	7	12
81	17	18	19	2	16	4
82	1	15	4	14	27	26
82	2	21	18	23	2	22
82	3	9	17	7	8	1
82	4	25	24	5	16	11
82	5	10	20	6	3	13
82	6	22	28	12	19	27
82	7	20	1	16	26	21
82	8	19	23	25	15	8
82	9	6	9	28	5	4
82	10	8	12	24	17	14
82	11	20	15	11	3	22
82	12	7	13	2	10	25
82	13	1	18	24	6	11
82	14	27	19	26	13	9
82	15	17	21	10	4	28
82	16	3	16	5	22	7
82	17	12	2	14	23	18
83	1	21	18	13	8	5
83	2	27	25	2	1	3
83	3	16	15	28	12	11
83	4	20	9	10	24	19
83	5	4	14	22	26	7
83	6	23	6	1	5	17
83	7	28	24	15	21	2
83	8	11	27	8	7	6
83	9	17	22	9	13	16
83	10	21	12	20	18	4
83	11	23	3	14	15	10
83	12	8	6	19	2	1
83	13	18	16	9	27	10
83	14	25	26	7	17	19
83	15	13	22	12	1	11
83	16	5	28	25	20	14
83	17	3	23	26	4	24
84	1	26	17	20	6	2
84	2	24	25	27	12	21
84	3	14	10	22	1	5
84	4	16	3	8	9	6
84	5	11	19	28	21	7
84	6	15	13	23	18	26
84	7	22	20	4	27	17
84	8	2	14	11	3	8
84	9	7	1	16	23	20
84	10	19	4	12	10	13
84	11	9	5	24	28	18
84	12	10	25	8	16	15
84	13	23	11	21	5	27
84	14	12	26	2	22	9
84	15	6	7	17	24	28
84	16	4	13	18	25	3
84	17	1	21	15	19	14
85	1	4	21	3	17	1
85	2	8	28	25	9	23
85	3	2	27	16	7	15
85	4	18	20	5	26	11
85	5	3	7	10	28	22
85	6	20	14	13	24	17
85	7	19	6	23	18	22
85	8	25	27	1	14	9
85	9	16	3	26	12	5
85	10	21	2	20	8	24
85	11	27	4	14	7	18
85	12	11	9	17	15	5
85	13	24	12	19	1	10
85	14	13	26	21	6	25
85	15	28	8	22	2	4
85	16	13	15	12	20	23
85	17	6	16	10	11	19
86	1	3	11	20	4	16
86	2	17	1	18	12	8
86	3	2	5	27	19	13
86	4	15	7	9	23	20
86	5	26	22	11	25	24
86	6	10	9	4	21	6
86	7	14	8	13	16	28
86	8	6	18	15	24	19
86	9	12	23	3	14	2
86	10	7	28	1	25	27
86	11	5	22	17	21	10
86	12	9	19	7	26	3
86	13	1	2	24	13	4
86	14	23	27	6	16	26
86	15	22	10	18	20	8
86	16	25	17	11	28	12
86	17	15	21	26	5	14
87	1	14	18	7	12	21
87	2	8	1	22	11	13
87	3	9	3	15	20	25
87	4	26	17	16	19	21
87	5	24	10	27	11	23
87	6	28	2	20	6	26
87	7	7	12	5	4	8
87	8	18	15	26	10	1
87	9	19	14	9	22	24
87	10	27	13	28	3	17
87	11	21	16	25	18	2
87	12	20	6	1	5	9
87	13	12	8	24	27	15
87	14	11	25	10	14	4
87	15	22	23	6	13	3
87	16	17	28	2	15	7
87	17	4	19	23	5	16
88	1	26	25	4	21	20
88	2	5	24	3	7	13
88	3	17	14	8	23	25
88	4	1	18	22	16	27
88	5	6	7	10	26	8
88	6	23	20	21	28	19
88	7	9	11	18	3	2
88	8	16	17	4	14	6
88	9	10	11	15	13	28
88	10	20	27	16	24	12
88	11	5	1	19	2	25
88	12	15	4	12	9	22
88	13	13	26	1	17	24
88	14	19	28	14	27	18
88	15	11	21	23	8	9
88	16	22	15	7	2	6
88	17	12	5	17	3	10
89	1	8	9	27	17	20
89	2	11	15	19	4	1
89	3	10	2	23	24	14
89	4	18	5	6	28	3
89	5	25	13	22	7	17
89	6	1	12	21	9	26
89	7	4	8	24	23	5
89	8	7	20	11	18	14
89	9	28	19	12	25	16
89	10	27	13	21	2	6
89	11	3	26	17	22	15
89	12	16	10	9	1	7
89	13	12	6	25	11	23
89	14	13	3	20	8	19
89	15	2	4	28	26	18
89	16	14	22	5	10	27
89	17	21	24	8	15	16
90	1	15	5	3	27	1
90	2	17	23	26	19	7
90	3	14	16	2	6	13
90	4	24	21	3	10	25
90	5	28	23	1	20	22
90	6	19	12	11	17	2
90	7	7	6	24	4	18
90	8	26	3	14	8	12
90	9	23	10	13	9	28
90	10	25	8	18	15	5
90	11	19	16	10	22	20
90	12	4	11	9	27	26
90	13	6	20	5	21	22
90	14	13	14	9	12	7
90	15	2	24	28	16	11
90	16	8	25	27	1	4
90	17	21	18	13	17	15
91	1	4	9	22	6	28
91	2	23	2	25	26	16
91	3	10	7	12	1	21
91	4	20	17	11	3	27
91	5	5	13	14	19	24
91	6	16	22	15	18	8
91	7	3	4	19	7	2
91	8	15	27	10	6	12
91	9	18	1	26	11	24
91	10	28	21	5	14	9
91	11	13	20	7	25	23
91	12	1	19	6	8	17
91	13	9	18	16	23	3
91	14	22	17	2	5	12
91	15	27	26	8	28	10
91	16	24	15	25	20	14
91	17	21	23	4	13	11
92	1	18	12	19	27	28
92	2	10	4	20	16	17
92	3	9	24	19	25	22
92	4	14	6	1	28	3
92	5	7	8	13	11	5
92	6	12	4	15	2	20
92	7	27	26	14	22	21
92	8	1	2	17	9	24
92	9	25	10	3	18	13
92	10	17	7	14	11	6
92	11	5	16	12	13	26
92	12	2	9	8	10	23
92	13	3	28	21	15	19
92	14	20	1	23	5	18
92	15	24	8	6	7	16
92	16	11	22	27	21	23
92	17	6	25	4	26	15
93	1	5	19	6	9	11
93	2	15	14	17	4	10
93	3	7	16	25	21	1
93	4	2	18	13	20	27
93	5	26	11	8	14	22
93	6	6	24	23	12	3
93	7	26	5	7	2	10
93	8	22	3	16	8	4
93	9	20	6	28	24	25
93	10	17	27	15	23	9
93	11	12	21	18	19	13
93	12	11	2	1	20	3
93	13	16	15	28	5	13
93	14	22	7	24	23	18
93	15	4	27	10	19	25
93	16	14	12	26	1	9
93	17	8	28	2	17	21
94	1	9	3	4	21	24
94	2	1	20	7	15	19
94	3	18	11	6	10	17
94	4	27	22	2	14	25
94	5	28	23	12	4	1
94	6	24	17	5	18	26
94	7	16	13	9	27	7
94	8	22	8	21	12	15
94	9	23	19	3	26	14
94	10	25	15	28	11	2
94	11	21	10	27	1	6
94	12	3	25	16	7	17
94	13	13	5	23	6	8
94	14	10	26	24	28	20
94	15	19	2	22	13	4
94	16	8	14	11	16	18
94	17	5	9	20	25	12
95	1	4	27	7	24	5
95	2	19	18	14	8	20
95	3	26	22	28	13	1
95	4	10	16	15	12	11
95	5	2	6	21	3	27
95	6	17	25	18	9	4
95	7	7	23	10	14	28
95	8	21	17	22	5	19
95	9	23	1	2	24	16
95	10	8	13	26	25	11
95	11	20	3	17	6	12
95	12	2	9	18	22	10
95	13	23	19	27	15	26
95	14	14	20	16	21	5
95	15	9	7	8	3	28
95	16	12	24	25	11	22
95	17	15	1	13	6	4
96	1	3	10	25	19	21
96	2	28	4	12	7	18
96	3	17	24	9	13	14
96	4	1	11	8	20	27
96	5	15	26	3	2	7
96	6	6	13	22	23	21
96	7	27	5	11	28	19
96	8	4	26	20	16	9
96	9	18	21	24	10	8
96	10	16	28	1	22	17
96	11	23	12	4	8	2
96	12	11	7	19	9	6
96	13	25	2	14	5	23
96	14	13	15	10	20	12
96	15	27	6	16	18	26
96	16	25	14	1	22	3
96	17	24	27	5	17	15
97	1	28	16	19	24	12
97	2	6	14	15	4	25
97	3	3	1	18	5	10
97	4	20	21	7	22	11
97	5	26	25	23	17	28
97	6	9	8	2	15	19
97	7	16	11	13	3	27
97	8	10	5	4	23	1
97	9	7	12	27	17	8
97	10	14	18	21	2	9
97	11	11	4	6	26	13
97	12	20	22	3	27	24
97	13	5	19	8	25	7
97	14	1	21	16	14	15
97	15	13	20	9	10	28
97	16	22	23	12	18	26
97	17	10	17	24	6	2
98	1	9	22	26	6	5
98	2	21	24	11	28	4
98	3	1	17	13	19	14
98	4	18	15	23	20	7
98	5	12	10	25	9	16
98	6	8	3	2	27	13
98	7	24	28	26	7	15
98	8	12	14	3	11	5
98	9	21	27	20	17	23
98	10	25	13	1	8	18
98	11	6	19	10	16	22
98	12	18	11	17	4	2
98	13	15	9	24	1	3
98	14	27	25	28	12	6
98	15	8	26	5	2	20
98	16	14	10	4	7	22
98	17	19	23	11	16	21
99	1	28	6	20	14	8
99	2	3	4	17	16	23
99	3	11	9	7	21	1
99	4	28	5	18	15	22
99	5	24	26	19	10	8
99	6	2	18	12	1	27
99	7	16	20	5	4	19
99	8	13	24	14	12	27
99	9	10	3	15	28	11
99	10	17	16	7	25	2
99	11	22	8	27	4	9
99	12	26	13	21	23	24
99	13	19	1	25	18	6
99	14	11	14	15	9	17
99	15	7	2	6	22	20
99	16	3	12	18	26	21
99	17	5	25	23	13	10
100	1	4	20	10	27	14
100	2	13	12	2	1	16
100	3	5	28	9	21	25
100	4	18	27	24	3	19
100	5	15	8	26	16	17
100	6	22	6	11	23	1
100	7	8	4	3	28	21
100	8	27	7	9	23	5
100	9	14	11	26	10	18
100	10	20	17	13	19	12
100	11	2	15	22	24	25
100	12	9	16	6	3	14
100	13	1	21	17	7	10
100	14	6	5	4	12	24
100	15	19	28	22	18	13
100	16	25	2	20	26	11
100	17	23	8	12	15	7
101	1	12	26	22	19	9
101	2	14	23	28	5	2
101	3	7	15	21	13	4
101	4	24	1	10	8	20
101	5	16	27	25	18	3
101	6	21	12	5	11	6
101	7	1	7	19	14	26
101	8	28	10	27	2	15
101	9	17	5	24	11	16
101	10	4	18	9	20	23
101	11	26	6	17	25	27
101	12	10	13	12	8	11
101	13	23	3	14	24	7
101	14	25	2	16	21	22
101	15	15	19	1	4	5
101	16	18	9	8	13	6
101	17	17	22	20	3	28
102	1	16	18	28	7	24
102	2	19	21	13	2	14
102	3	20	11	15	9	6
102	4	4	1	27	28	26
102	5	8	12	24	22	17
102	6	5	19	3	25	23
102	7	26	9	16	10	13
102	8	12	25	21	20	14
102	9	2	8	6	5	1
102	10	11	22	4	7	3
102	11	9	23	27	17	10
102	12	6	16	14	15	18
102	13	11	24	1	25	4
102	14	13	3	5	15	20
102	15	2	10	7	12	19
102	16	22	28	8	27	23
102	17	5	17	18	26	21
103	1	7	13	25	9	28
103	2	16	4	23	1	12
103	3	27	14	2	24	11
103	4	3	10	19	6	8
103	5	20	7	22	26	5
103	6	24	17	4	13	18
103	7	21	27	19	16	15
103	8	17	1	20	14	28
103	9	2	26	3	12	9
103	10	6	21	11	19	17
103	11	10	15	8	22	25
103	12	18	20	6	24	7
103	13	3	9	5	1	16
103	14	23	11	28	18	12
103	15	4	14	2	8	26
103	16	27	10	21	5	25
103	17	15	22	1	23	13
104	1	13	25	12	17	1
104	2	28	16	14	6	22
104	3	3	25	20	21	8
104	4	1	7	18	11	27
104	5	12	5	16	4	28
104	6	6	3	26	23	15
104	7	19	4	9	18	21
104	8	14	2	17	5	10
104	9	22	24	11	9	15
104	10	8	19	23	20	16
104	11	26	2	7	13	27
104	12	4	18	22	10	3
104	13	25	23	14	19	24
104	14	7	5	15	8	17
104	15	21	20	12	27	9
104	16	1	28	10	11	26
104	17	16	6	13	2	24
105	1	24	1	21	3	8
105	2	22	12	27	14	15
105	3	13	20	11	5	16
105	4	7	6	25	10	4
105	5	9	1	17	28	19
105	6	26	27	5	24	22
105	7	20	15	19	2	18
105	8	10	3	7	14	12
105	9	23	17	6	4	27
105	10	15	9	16	26	25
105	11	12	21	2	28	6
105	12	18	8	11	25	5
105	13	17	13	4	22	20
105	14	21	23	24	26	10
105	15	14	28	13	18	3
105	16	9	7	8	16	1
105	17	19	11	23	3	2
106	1	8	22	17	23	14
106	2	18	15	6	21	7
106	3	19	10	16	27	20
106	4	28	8	13	12	4
106	5	3	14	5	17	9
106	6	27	26	18	11	7
106	7	25	22	1	16	23
106	8	8	24	3	2	21
106	9	11	19	12	7	22
106	10	5	23	10	6	13
106	11	17	25	3	15	12
106	12	24	4	9	19	2
106	13	5	27	15	1	28
106	14	21	16	26	4	14
106	15	10	18	1	20	2
106	16	9	13	25	6	11
106	17	24	26	28	19	20
107	1	26	19	9	6	8
107	2	2	16	22	10	17
107	3	28	7	24	13	25
107	4	14	4	27	8	19
107	5	15	5	21	11	10
107	6	23	12	9	20	18
107	7	7	2	5	3	4
107	8	28	11	8	17	16
107	9	6	20	1	26	3
107	10	27	21	22	9	13
107	11	12	24	14	1	6
107	12	22	18	20	25	5
107	13	11	14	23	15	24
107	14	25	16	26	12	4
107	15	13	3	27	7	19
107	16	1	17	10	21	18
107	17	4	28	2	15	23
108	1	20	8	6	14	18
108	2	27	12	16	24	5
108	3	22	10	3	28	9
108	4	23	21	7	17	26
108	5	2	4	11	20	1
108	6	15	25	19	14	13
108	7	16	3	18	2	7
108	8	25	6	21	27	28
108	9	24	15	4	8	10
108	10	26	22	13	5	1
108	11	20	9	28	24	23
108	12	3	19	17	12	11
108	13	5	7	4	9	14
108	14	1	2	25	27	23
108	15	8	17	15	21	26
108	16	19	18	12	22	6
108	17	16	14	10	13	11
109	1	4	27	6	16	17
109	2	7	23	20	10	12
109	3	18	5	2	28	8
109	4	21	1	24	3	22
109	5	26	13	19	25	14
109	6	11	27	15	9	2
109	7	20	21	7	28	16
109	8	6	3	10	23	27
109	9	14	26	8	1	12
109	10	13	9	18	17	24
109	11	7	22	4	19	25
109	12	12	6	5	2	15
109	13	9	28	14	10	21
109	14	11	20	13	4	3
109	15	15	5	24	1	19
109	16	17	8	23	18	25
109	17	16	24	26	22	11
110	1	22	13	21	12	2
110	2	3	26	18	15	28
110	3	27	20	14	8	7
110	4	10	9	25	6	24
110	5	19	4	15	23	21
110	6	2	10	20	26	17
110	7	8	11	23	13	16
110	8	9	12	1	5	21
110	9	6	17	28	7	19
110	10	14	25	22	11	3
110	11	18	15	27	16	13
110	12	24	2	1	4	6
110	13	28	11	26	23	5
110	14	12	16	8	3	9
110	15	17	24	7	25	20
110	16	10	19	28	22	1
110	17	4	18	5	27	14
111	1	1	2	9	7	15
111	2	5	23	6	21	16
111	3	25	26	18	11	10
111	4	14	16	22	15	20
111	5	28	17	3	13	4
111	6	24	19	27	20	12
111	7	23	14	2	22	9
111	8	7	6	13	26	15
111	9	21	25	12	18	4
111	10	11	1	17	20	27
111	11	5	9	8	19	10
111	12	25	3	28	24	27
111	13	2	10	16	4	26
111	14	13	24	21	14	8
111	15	1	7	3	12	23
111	16	17	18	19	5	22
111	17	6	28	11	20	8
112	1	18	19	23	16	9
112	2	28	21	11	25	2
112	3	27	4	26	8	22
112	4	3	6	24	14	5
112	5	13	20	15	10	1
112	6	4	11	17	9	12
112	7	23	8	19	2	25
112	8	10	22	24	7	6
112	9	12	15	14	18	28
112	10	9	5	20	13	4
112	11	8	28	7	1	16
112	12	23	14	2	17	13
112	13	26	12	27	10	9
112	14	21	18	16	6	24
112	15	25	1	15	3	17
112	16	22	7	5	27	11
112	17	20	3	21	19	26
113	1	17	15	4	7	5
113	2	22	13	12	24	8
113	3	3	23	19	11	10
113	4	1	21	18	14	7
113	5	16	27	2	17	28
113	6	9	26	25	6	20
113	7	15	11	8	21	4
113	8	13	6	1	27	19
113	9	24	28	16	21	23
113	10	2	5	12	26	8
113	11	15	3	9	22	18
113	12	19	2	11	24	7
113	13	10	20	4	25	14
113	14	7	13	23	18	26
113	15	6	12	10	28	17
113	16	20	22	16	5	3
113	17	27	25	9	14	1
114	1	14	6	20	28	2
114	2	8	27	13	21	25
114	3	20	9	10	15	24
114	4	16	1	25	11	18
114	5	19	24	17	26	14
114	6	4	8	1	3	6
114	7	12	20	27	23	15
114	8	21	10	7	16	17
114	9	28	4	26	19	22
114	10	18	27	13	2	3
114	11	5	23	6	15	25
114	12	9	7	14	8	11
114	13	10	5	28	24	13
114	14	26	12	3	25	7
114	15	23	4	22	1	18
114	16	11	16	5	12	19
114	17	2	17	22	9	21
115	1	6	8	21	22	2
115	2	13	28	9	7	23
115	3	15	16	14	27	19
115	4	18	24	4	10	8
115	5	25	17	5	12	20
115	6	26	9	11	3	1
115	7	22	15	6	16	13
115	8	21	10	7	4	27
115	9	3	26	2	5	24
115	10	14	11	12	18	28
115	11	17	1	8	19	23
115	12	7	25	15	2	16
115	13	5	13	20	18	21
115	14	12	22	23	1	10
115	15	27	14	3	6	17
115	16	9	19	25	4	28
115	17	11	23	24	26	20
116	1	27	6	19	5	7
116	2	22	21	17	25	11
116	3	10	3	28	8	15
116	4	4	16	24	1	20
116	5	19	13	17	15	26
116	6	24	27	16	9	22
116	7	2	10	19	18	12
116	8	1	14	26	28	5
116	9	23	4	13	6	3
116	10	8	7	25	22	20
116	11	11	2	18	17	9
116	12	12	26	21	13	14
116	13	24	5	10	8	25
116	14	21	9	28	23	27
116	15	16	2	1	20	3
116	16	14	18	4	11	6
116	17	7	23	15	12	24
117	1	23	14	3	25	10
117	2	18	17	27	26	24
117	3	3	1	11	21	15
117	4	16	7	12	14	4
117	5	26	8	18	9	6
117	6	20	21	19	28	22
117	7	27	11	10	2	13
117	8	25	18	20	24	15
117	9	8	5	23	16	27
117	10	1	17	7	13	28
117	11	15	22	6	14	12
117	12	19	20	4	2	9
117	13	6	25	26	10	16
117	14	17	3	22	4	5
117	15	13	19	11	7	8
117	16	12	24	9	21	1
117	17	5	28	2	23	26
118	1	14	22	5	10	1
118	2	28	7	24	3	27
118	3	11	23	6	20	21
118	4	24	14	17	9	16
118	5	25	2	1	22	13
118	6	21	15	27	4	26
118	7	8	16	28	3	18
118	8	6	12	7	17	2
118	9	19	10	8	15	18
118	10	4	13	5	24	11
118	11	3	6	25	19	9
118	12	20	26	14	23	7
118	13	9	8	12	16	13
118	14	5	19	18	1	21
118	15	15	28	2	26	22
118	16	4	12	25	27	11
118	17	13	20	10	17	23
119	1	4	3	20	28	12
119	2	7	9	21	5	10
119	3	28	1	26	6	11
119	4	22	18	13	23	3
119	5	16	24	14	19	2
119	6	15	25	8	28	17
119	7	18	27	22	11	7
119	8	2	4	23	21	14
119	9	16	26	9	5	25
119	10	1	27	12	20	8
119	11	17	24	19	13	6
119	12	10	11	15	9	16
119	13	20	21	3	7	2
119	14	23	6	22	8	4
119	15	18	25	24	12	19
119	16	26	1	27	17	10
119	17	3	15	14	13	5
120	1	11	5	8	17	3
120	2	7	18	4	1	26
120	3	9	2	15	27	6
120	4	28	10	13	16	12
120	5	22	20	11	19	14
120	6	21	23	1	25	24
120	7	17	15	9	14	4
120	8	13	8	26	24	22
120	9	10	21	3	2	12
120	10	6	23	16	7	19
120	11	27	28	18	20	5
120	12	25	13	2	4	1
120	13	24	11	23	15	10
120	14	5	22	6	12	28
120	15	26	16	20	21	17
120	16	14	7	18	8	9
120	17	12	19	3	27	25
121	1	26	6	10	22	18
121	2	23	9	1	8	27
121	3	25	14	7	11	28
121	4	19	4	16	3	26
121	5	12	20	15	23	17
121	6	2	9	28	24	13
121	7	15	1	6	25	21
121	8	8	7	10	5	2
121	9	1	16	14	22	27
121	10	9	24	4	20	3
121	11	11	13	26	12	21
121	12	5	2	25	18	23
121	13	28	4	19	27	15
121	14	24	17	22	3	7
121	15	8	19	21	10	14
121	16	13	12	5	6	20
121	17	16	18	17	2	11
122	1	19	7	1	5	9
122	2	13	21	27	14	24
122	3	11	8	2	15	20
122	4	18	28	10	6	4
122	5	3	12	16	26	23
122	6	27	25	17	9	22
122	7	6	11	24	1	2
122	8	14	15	13	3	18
122	9	21	17	23	28	19
122	10	4	26	12	8	25
122	11	7	10	20	22	16
122	12	21	3	8	9	6
122	13	23	27	11	4	5
122	14	17	14	19	10	1
122	15	2	22	9	18	12
122	16	20	26	7	13	25
122	17	24	5	28	16	15
123	1	18	8	24	27	5
123	2	10	13	2	25	3
123	3	22	21	11	19	15
123	4	4	24	12	7	17
123	5	1	28	8	13	16
123	6	14	2	20	26	27
123	7	1	11	15	12	9
123	8	5	25	21	4	16
123	9	26	9	23	19	18
123	10	17	12	5	14	6
123	11	10	4	13	23	22
123	12	28	17	9	20	8
123	13	15	3	7	24	26
123	14	20	1	18	2	19
123	15	6	10	3	11	27
123	16	22	14	28	25	23
123	17	7	18	21	16	6
124	1	26	19	22	5	2
124	2	20	15	6	1	4
124	3	8	2	16	23	14
124	4	12	28	27	7	11
124	5	3	22	17	21	18
124	6	9	16	19	6	13
124	7	25	8	14	10	24
124	8	13	20	27	21	5
124	9	17	4	26	11	10
124	10	23	25	15	9	7
124	11	24	12	18	28	1
124	12	16	27	3	22	20
124	13	19	13	4	7	8
124	14	9	21	26	10	28
124	15	11	5	14	3	1
124	16	2	23	12	15	24
124	17	27	6	25	18	17
125	1	16	20	25	1	19
125	2	14	18	4	13	28
125	3	2	7	5	6	17
125	4	22	1	21	12	8
125	5	3	11	9	24	23
125	6	25	14	26	7	21
125	7	27	10	16	18	15
125	8	19	28	11	22	25
125	9	18	23	8	17	20
125	10	10	9	13	11	5
125	11	12	27	2	26	19
125	12	14	24	20	4	9
125	13	1	17	22	15	13
125	14	3	26	23	6	27
125	15	4	16	7	12	10
125	16	6	2	24	28	21
125	17	5	15	19	8	3
126	1	21	17	13	2	15
126	2	20	6	10	19	24
126	3	7	22	1	23	9
126	4	15	3	28	14	26
126	5	21	5	17	16	4
126	6	8	10	6	27	1
126	7	25	18	13	20	11
126	8	7	19	3	21	12
126	9	28	22	2	27	4
126	10	9	14	6	5	12
126	11	16	26	1	11	8
126	12	5	23	28	18	10
126	13	8	11	25	24	22
126	14	26	3	9	20	13
126	15	23	19	27	17	14
126	16	24	4	18	15	7
126	17	10	25	16	2	12
127	1	15	16	12	8	22
127	2	11	7	6	28	20
127	3	2	18	21	1	14
127	4	17	25	4	9	3
127	5	27	13	15	10	19
127	6	6	5	22	24	26
127	7	28	1	16	3	23
127	8	18	20	10	14	21
127	9	4	9	11	2	23
127	10	1	27	5	7	25
127	11	12	11	17	19	28
127	12	15	8	14	25	6
127	13	13	12	23	26	18
127	14	27	21	24	9	16
127	15	22	3	7	10	2
127	16	5	15	20	17	26
127	17	19	24	4	13	8
128	1	3	9	8	18	20
128	2	6	13	14	16	11
128	3	24	10	26	17	1
128	4	12	20	22	4	21
128	5	17	16	7	5	18
128	6	21	19	23	6	15
128	7	8	27	2	25	28
128	8	1	6	13	4	7
128	9	19	14	9	28	22
128	10	26	21	8	27	11
128	11	2	5	24	3	1
128	12	22	23	10	15	25
128	13	14	12	27	4	3
128	14	16	24	18	11	19
128	15	13	2	25	20	26
128	16	7	8	12	23	17
128	17	9	15	5	28	10
129	1	11	20	10	14	7
129	2	28	17	25	21	24
129	3	4	2	8	16	6
129	4	18	22	1	26	9
129	5	23	27	5	12	13
129	6	10	1	19	17	3
129	7	15	7	21	11	2
129	8	25	28	3	16	6
129	9	5	26	19	8	14
129	10	20	23	24	22	27
129	11	18	4	15	12	9
129	12	3	8	11	13	21
129	13	24	7	23	19	14
129	14	10	26	28	1	4
129	15	25	6	12	18	5
129	16	2	15	20	9	27
129	17	14	22	17	13	16
130	1	22	17	6	8	20
130	2	13	21	28	5	9
130	3	19	4	20	23	25
130	4	17	14	11	2	1
130	5	27	16	26	7	15
130	6	12	24	21	10	23
130	7	6	9	7	1	13
130	8	11	5	14	22	4
130	9	13	18	27	3	17
130	10	16	12	1	15	20
130	11	21	25	22	27	19
130	12	20	28	3	5	24
130	13	9	10	14	25	18
130	14	23	11	16	26	12
130	15	28	19	2	7	8
130	16	26	6	15	24	18
130	17	8	4	2	3	10
131	1	26	14	12	20	28
131	2	8	15	5	13	25
131	3	11	27	6	9	17
131	4	21	20	24	10	7
131	5	2	3	26	19	15
131	6	1	23	4	21	16
131	7	17	24	9	12	2
131	8	5	10	16	22	13
131	9	23	28	18	6	11
131	10	4	1	25	14	27
131	11	3	18	22	19	7
131	12	15	8	17	27	10
131	13	20	12	3	25	11
131	14	14	2	23	6	5
131	15	7	9	28	16	22
131	16	4	26	18	21	8
131	17	24	13	19	1	11
132	1	28	16	17	24	25
132	2	10	5	20	11	7
132	3	12	6	9	26	8
132	4	1	17	18	2	23
132	5	4	19	15	20	5
132	6	9	25	21	6	3
132	7	7	1	28	8	27
132	8	22	11	4	17	26
132	9	18	24	27	14	3
132	10	19	13	10	23	12
132	11	16	2	22	4	24
132	12	20	1	13	15	28
132	13	6	21	12	5	22
132	14	16	3	8	14	23
132	15	25	19	9	26	10
132	16	27	7	13	18	2
132	17	15	22	11	21	14
133	1	24	8	1	20	5
133	2	22	15	23	13	28
133	3	17	26	21	7	14
133	4	19	16	20	18	6
133	5	12	25	1	11	2
133	6	6	10	3	28	4
133	7	16	27	19	9	21
133	8	25	13	7	24	26
133	9	3	5	11	23	17
133	10	18	4	14	15	12
133	11	10	22	27	2	9
133	12	19	12	8	28	17
133	13	27	6	23	26	20
133	14	3	21	15	25	16
133	15	5	18	1	22	10
133	16	9	11	4	8	24
133	17	13	14	2	7	6
134	1	24	3	4	13	19
134	2	21	28	11	27	18
134	3	23	20	9	14	8
134	4	6	15	24	12	22
134	5	28	2	26	19	5
134	6	13	6	17	4	16
134	7	12	3	10	1	21
134	8	8	27	18	16	5
134	9	9	17	20	2	21
134	10	7	23	5	4	25
134	11	1	11	6	19	15
134	12	2	24	14	10	27
134	13	25	9	17	12	13
134	14	23	7	22	3	8
134	15	14	26	16	28	1
134	16	11	10	7	17	15
134	17	26	20	25	22	18
135	1	17	14	6	10	3
135	2	21	9	13	23	1
135	3	4	28	12	27	7
135	4	20	16	10	11	2
135	5	15	18	19	21	4
135	6	27	13	3	1	26
135	7	8	22	6	20	25
135	8	14	5	7	16	9
135	9	15	17	24	28	23
135	10	1	12	25	3	18
135	11	26	21	5	8	24
135	12	2	19	27	11	22
135	13	10	23	16	26	4
135	14	28	20	14	13	12
135	15	5	25	9	7	19
135	16	18	8	2	15	11
135	17	22	4	17	6	24
136	1	10	16	8	18	13
136	2	11	9	3	5	4
136	3	2	25	28	14	21
136	4	27	15	26	23	6
136	5	16	17	19	1	20
136	6	22	7	11	24	12
136	7	6	4	21	10	28
136	8	1	14	5	17	15
136	9	7	2	8	12	20
136	10	26	18	28	9	22
136	11	25	27	24	5	16
136	12	21	13	20	3	22
136	13	7	6	1	18	23
136	14	19	12	10	27	14
136	15	11	26	13	17	8
136	16	3	23	4	25	2
136	17	9	1	15	24	19
137	1	28	22	1	8	24
137	2	23	10	21	25	11
137	3	7	19	2	6	26
137	4	4	9	27	20	17
137	5	15	28	11	16	3
137	6	13	24	18	2	14
137	7	12	5	10	4	1
137	8	8	21	27	3	7
137	9	6	13	20	9	16
137	10	19	14	23	22	4
137	11	18	7	15	25	17
137	12	5	21	16	2	12
137	13	1	8	22	13	6
137	14	14	3	26	15	9
137	15	20	11	23	5	27
137	16	17	28	18	19	10
137	17	24	12	25	16	26
138	1	8	11	25	19	28
138	2	22	2	5	10	15
138	3	21	1	20	14	7
138	4	17	3	12	8	19
138	5	27	25	4	28	13
138	6	18	16	23	11	9
138	7	3	6	7	26	22
138	8	13	15	12	21	5
138	9	28	8	14	23	9
138	10	20	19	6	24	10
138	11	14	17	7	25	16
138	12	12	27	1	6	18
138	13	4	24	26	21	11
138	14	5	20	28	18	3
138	15	9	10	13	4	2
138	16	24	22	16	27	15
138	17	26	1	2	17	23
139	1	15	4	8	10	20
139	2	12	17	9	22	1
139	3	16	3	19	7	13
139	4	21	23	6	24	14
139	5	25	1	5	10	26
139	6	28	7	16	18	4
139	7	11	14	17	20	27
139	8	18	24	3	2	5
139	9	23	11	13	19	12
139	10	7	20	9	15	25
139	11	8	5	21	26	17
139	12	10	22	14	13	3
139	13	25	4	11	1	6
139	14	2	26	15	12	28
139	15	27	23	24	8	7
139	16	19	18	22	9	21
139	17	2	16	27	6	28
140	1	6	19	5	14	16
140	2	22	2	4	20	1
140	3	10	28	24	9	7
140	4	11	8	18	12	25
140	5	23	13	21	17	27
140	6	20	26	3	16	15
140	7	24	5	4	18	14
140	8	9	10	12	27	6
140	9	1	15	28	21	8
140	10	23	25	17	3	2
140	11	26	7	22	11	13
140	12	5	6	2	21	9
140	13	4	27	15	26	19
140	14	14	12	3	24	11
140	15	8	16	7	1	10
140	16	13	25	22	17	28
140	17	19	21	20	23	18
141	1	21	19	25	1	24
141	2	11	6	28	13	20
141	3	26	10	25	14	18
141	4	16	2	8	22	12
141	5	5	9	19	11	1
141	6	17	18	13	4	21
141	7	25	22	27	7	5
141	8	3	17	6	28	24
141	9	9	8	26	15	14
141	10	7	21	10	16	23
141	11	13	24	12	2	20
141	12	1	3	23	27	9
141	13	2	15	7	4	19
141	14	16	11	26	10	17
141	15	22	28	14	5	23
141	16	6	18	12	15	7
141	17	4	27	8	20	3
142	1	20	12	17	7	5
142	2	10	11	18	22	27
142	3	24	13	15	23	16
142	4	6	9	25	2	8
142	5	14	28	21	3	1
142	6	12	26	4	19	22
142	7	17	18	16	9	24
142	8	21	15	10	8	6
142	9	28	13	27	5	26
142	10	4	14	1	7	11
142	11	19	16	2	3	25
142	12	28	23	20	12	10
142	13	27	17	19	6	14
142	14	15	5	11	25	13
142	15	23	1	24	8	22
142	16	18	20	21	26	2
142	17	3	7	9	28	4
143	1	24	6	3	11	26
143	2	15	22	14	25	27
143	3	2	8	5	17	4
143	4	7	12	9	13	21
143	5	25	20	19	24	10
143	6	26	23	2	18	1
143	7	11	9	28	19	8
143	8	22	21	17	10	3
143	9	5	4	23	6	25
143	10	1	19	14	16	20
143	11	24	26	7	9	27
143	12	8	2	18	14	13
143	13	12	4	22	28	16
143	14	20	7	6	15	23
143	15	18	3	13	5	19
143	16	16	27	11	12	21
143	17	10	28	15	1	17
144	1	12	14	1	26	25
144	2	13	8	10	7	19
144	3	23	24	28	2	11
144	4	15	14	3	9	12
144	5	17	25	16	18	6
144	6	20	4	26	21	8
144	7	14	7	11	22	9
144	8	1	16	21	5	13
144	9	27	17	24	4	15
144	10	3	10	12	23	18
144	11	28	6	26	19	2
144	12	27	1	5	20	22
144	13	9	23	4	16	13
144	14	7	5	15	3	28
144	15	18	24	20	25	10
144	16	21	11	2	22	6
144	17	17	19	8	27	5
145	1	9	1	18	27	28
145	2	5	22	23	17	26
145	3	8	3	24	12	16
145	4	25	4	20	28	21
145	5	13	10	6	14	27
145	6	11	15	1	4	18
145	7	22	25	9	23	19
145	8	6	26	18	8	7
145	9	16	10	22	2	15
145	10	14	5	19	21	12
145	11	2	9	7	20	17
145	12	10	5	11	28	24
145	13	27	2	13	1	3
145	14	16	20	8	11	14
145	15	26	13	25	15	23
145	16	4	12	17	6	3
145	17	19	21	7	24	1
146	1	21	8	27	25	15
146	2	3	20	11	18	22
146	3	4	14	24	13	2
146	4	5	16	9	26	10
146	5	12	28	27	7	17
146	6	8	3	1	23	6
146	7	15	17	2	11	19
146	8	14	26	16	22	4
146	9	13	25	10	6	12
146	10	1	24	15	20	9
146	11	23	21	5	7	18
146	12	28	19	26	12	20
146	13	3	27	21	16	11
146	14	6	9	2	4	5
146	15	17	23	10	14	8
146	16	19	18	22	13	28
146	17	7	1	25	24	2
147	1	11	6	1	19	4
147	2	9	18	8	22	12
147	3	14	21	28	2	23
147	4	19	27	10	3	4
147	5	11	15	13	5	25
147	6	26	16	17	1	20
147	7	18	12	23	27	24
147	8	22	14	6	15	21
147	9	10	11	3	9	26
147	10	8	28	4	25	7
147	11	20	23	19	5	16
147	12	26	7	13	17	24
147	13	2	1	12	10	15
147	14	24	22	17	21	9
147	15	7	13	14	18	20
147	16	25	2	16	3	27
147	17	24	6	28	8	5
148	1	5	24	4	26	23
148	2	18	17	25	9	13
148	3	20	7	5	12	11
148	4	2	23	9	19	10
148	5	18	15	14	16	6
148	6	22	13	8	1	20
148	7	27	7	26	10	21
148	8	17	11	12	23	8
148	9	16	4	18	21	28
148	10	24	20	6	27	14
148	11	15	3	23	22	7
148	12	25	19	14	12	1
148	13	13	8	16	28	2
148	14	10	25	22	24	3
148	15	6	26	21	19	11
148	16	1	9	5	27	4
148	17	3	28	2	15	17
149	1	28	22	20	23	6
149	2	4	10	7	11	14
149	3	9	8	3	20	5
149	4	16	1	17	6	25
149	5	5	2	18	10	28
149	6	12	24	15	21	13
149	7	2	22	19	7	16
149	8	8	25	24	14	26
149	9	23	27	13	4	15
149	10	3	18	7	17	1
149	11	21	16	24	9	12
149	12	22	27	19	26	18
149	13	1	13	11	28	23
149	14	21	17	20	8	4
149	15	19	5	15	3	14
149	16	25	12	27	2	26
149	17	9	11	10	13	6
150	1	11	15	25	8	27
150	2	7	4	6	12	22
150	3	26	3	28	13	1
150	4	15	11	16	18	24
150	5	14	5	22	17	2
150	6	9	26	27	20	28
150	7	4	23	3	16	7
150	8	17	12	8	5	19
150	9	6	2	21	20	3
150	10	24	18	10	1	8
150	11	28	21	9	25	14
150	12	15	20	17	19	10
150	13	13	14	26	11	2
150	14	23	16	4	25	18
150	15	10	5	12	21	22
150	16	27	19	13	24	7
150	17	23	6	1	15	9
151	1	12	20	28	15	16
151	2	8	9	22	4	13
151	3	21	10	23	17	26
151	4	3	6	18	27	5
151	5	20	2	11	24	25
151	6	19	18	8	4	21
151	7	10	1	16	14	7
151	8	25	9	19	28	3
151	9	12	27	14	23	11
151	10	5	1	15	22	26
151	11	6	17	24	7	28
151	12	16	12	2	13	9
151	13	20	25	23	6	19
151	14	26	3	18	14	24
151	15	1	10	27	2	8
151	16	7	15	21	13	5
151	17	11	22	25	4	17
152	1	22	24	5	10	25
152	2	18	4	15	9	17
152	3	6	12	8	26	16
152	4	2	7	11	3	21
152	5	28	14	20	22	27
152	6	23	15	9	8	25
152	7	16	19	1	5	11
152	8	17	28	13	6	10
152	9	1	21	27	18	12
152	10	13	8	3	2	23
152	11	25	21	4	1	14
152	12	20	13	24	19	15
152	13	14	26	7	9	8
152	14	27	23	17	16	22
152	15	12	24	6	5	3
152	16	7	28	19	11	18
152	17	4	2	26	10	20
153	1	14	17	16	24	19
153	2	5	13	26	21	23
153	3	3	20	2	18	22
153	4	24	4	9	12	11
153	5	10	7	25	27	6
153	6	21	8	1	15	28
153	7	2	18	5	17	14
153	8	11	9	22	16	26
153	9	7	23	12	1	20
153	10	19	13	10	3	4
153	11	8	27	7	6	15
153	12	28	26	12	25	17
153	13	4	22	2	24	1
153	14	15	14	6	3	9
153	15	18	16	20	25	13
153	16	22	19	21	23	10
153	17	27	11	28	8	5
154	1	22	6	13	1	7
154	2	17	20	21	9	27
154	3	28	18	23	8	24
154	4	25	5	3	7	16
154	5	9	6	19	2	21
154	6	26	3	17	20	1
154	7	4	10	14	28	12
154	8	26	25	6	11	18
154	9	13	27	15	16	19
154	10	11	5	23	20	4
154	11	25	24	22	28	21
154	12	2	12	14	15	23
154	13	13	17	11	1	24
154	14	9	15	5	10	18
154	15	19	3	8	22	12
154	16	27	7	4	26	2
154	17	20	8	16	14	10
155	1	3	28	13	8	22
155	2	10	1	9	23	11
155	3	5	14	24	27	20
155	4	19	4	6	26	15
155	5	8	25	7	9	2
155	6	17	14	12	18	13
155	7	21	11	3	28	16
155	8	24	4	1	19	25
155	9	12	26	7	22	15
155	10	16	2	17	23	6
155	11	18	21	20	10	27
155	12	26	19	28	14	9
155	13	6	5	12	13	4
155	14	15	22	25	20	3
155	15	11	10	21	7	17
155	16	23	24	26	16	27
155	17	1	2	18	5	8
156	1	18	15	9	17	22
156	2	6	28	10	1	16
156	3	4	3	14	21	8
156	4	27	12	11	2	19
156	5	23	13	18	7	25
156	6	24	5	26	6	8
156	7	1	9	20	12	3
156	8	23	7	19	14	28
156	9	15	16	4	11	20
156	10	28	25	27	17	5
156	11	21	1	24	26	13
156	12	8	19	18	12	10
156	13	14	16	22	5	9
156	14	2	7	10	24	15
156	15	17	23	3	4	26
156	16	22	6	27	20	13
156	17	12	11	25	21	2
157	1	21	18	16	4	6
157	2	3	9	23	27	24
157	3	17	22	8	19	11
157	4	1	27	4	6	14
157	5	11	3	26	18	10
157	6	7	2	15	5	28
157	7	14	10	25	13	9
157	8	16	20	8	7	12
157	9	24	17	2	15	21
157	10	9	26	5	12	1
157	11	20	21	23	13	19
157	12	2	4	28	25	22
157	13	14	24	6	11	18
157	14	13	8	3	27	16
157	15	25	19	1	15	26
157	16	20	11	7	5	17
157	17	10	28	12	22	23
158	1	19	1	5	17	23
158	2	7	9	3	24	11
158	3	5	25	13	10	4
158	4	19	16	2	26	18
158	5	12	6	17	8	25
158	6	22	1	14	11	27
158	7	18	20	24	13	12
158	8	27	9	4	28	16
158	9	13	14	11	8	15
158	10	26	10	22	21	7
158	11	15	23	28	6	20
158	12	16	17	10	3	24
158	13	6	22	9	18	2
158	14	8	21	25	23	14
158	15	4	12	27	19	7
158	16	28	26	20	2	1
158	17	5	15	16	3	21
159	1	28	18	24	23	11
159	2	16	26	22	8	25
159	3	27	15	21	12	3
159	4	9	19	17	2	13
159	5	20	4	8	24	10
159	6	3	7	1	14	18
159	7	9	20	11	25	6
159	8	12	18	15	4	26
159	9	14	2	23	16	5
159	10	3	21	19	9	6
159	11	15	27	4	17	10
159	12	24	5	19	22	7
159	13	26	13	1	28	16
159	14	5	20	21	14	17
159	15	10	6	13	11	12
159	16	1	8	22	2	23
159	17	7	28	18	25	27
160	1	22	11	12	3	5
160	2	6	16	10	7	1
160	3	11	27	13	21	2
160	4	17	12	9	23	26
160	5	15	24	14	4	22
160	6	9	27	5	18	8
160	7	21	19	28	6	24
160	8	10	23	25	15	3
160	9	13	14	7	20	4
160	10	8	17	26	11	28
160	11	18	25	20	19	3
160	12	21	22	16	1	17
160	13	2	10	12	28	5
160	14	7	8	15	26	6
160	15	23	18	4	9	1
160	16	25	14	27	16	19
160	17	22	13	2	24	20
161	1	1	3	18	15	22
161	2	5	10	19	26	8
161	3	6	11	14	2	23
161	4	12	24	1	27	25
161	5	28	9	5	13	7
161	6	11	23	16	10	20
161	7	18	17	2	4	27
161	8	14	15	12	16	28
161	9	23	7	27	19	22
161	10	24	16	9	8	4
161	11	17	12	20	25	1
161	12	10	26	24	27	13
161	13	25	22	6	5	21
161	14	4	3	28	13	17
161	15	8	11	15	18	21
161	16	19	2	6	3	14
161	17	26	21	7	20	9
162	1	13	8	23	17	6
162	2	3	4	5	21	26
162	3	28	15	24	9	19
162	4	10	7	18	17	14
162	5	25	6	22	16	26
162	6	19	12	11	1	4
162	7	2	27	10	20	9
162	8	23	25	3	7	11
162	9	20	28	26	18	14
162	10	16	13	2	21	12
162	11	22	9	11	10	15
162	12	1	8	27	5	24
162	13	16	17	19	22	18
162	14	4	5	3	6	20
162	15	13	1	21	14	25
162	16	7	23	17	12	24
162	17	27	28	8	15	2
163	1	18	13	20	19	8
163	2	17	24	16	2	15
163	3	4	6	23	18	21
163	4	14	22	9	12	13
163	5	2	4	1	25	7
163	6	20	19	10	22	28
163	7	11	25	26	17	27
163	8	9	21	8	7	16
163	9	11	6	28	3	12
163	10	13	26	15	23	5
163	11	3	14	1	10	8
163	12	27	22	21	4	28
163	13	5	16	7	11	19
163	14	24	9	6	14	17
163	15	15	1	20	27	23
163	16	12	10	25	5	18
163	17	26	3	14	24	2
164	1	6	27	13	3	17
164	2	12	23	19	4	2
164	3	21	1	10	28	9
164	4	16	5	25	20	15
164	5	7	18	24	26	3
164	6	8	11	4	22	14
164	7	19	13	17	9	25
164	8	1	16	27	6	10
164	9	28	12	14	7	15
164	10	20	2	21	24	11
164	11	22	26	18	23	5
164	12	8	20	3	9	12
164	13	15	25	4	10	21
164	14	13	18	11	28	16
164	15	26	19	23	14	27
164	16	8	2	6	1	7
164	17	24	5	22	17	10
165	1	27	7	12	20	22
165	2	28	17	5	19	1
165	3	2	10	26	11	13
165	4	25	16	9	3	23
165	5	22	24	8	21	19
165	6	7	15	13	1	18
165	7	14	21	12	26	20
165	8	10	28	23	4	24
165	9	27	18	9	25	2
165	10	6	11	15	1	19
165	11	17	8	10	14	3
165	12	9	4	16	12	26
165	13	5	3	2	27	11
165	14	18	21	28	6	22
165	15	4	14	25	13	5
165	16	24	20	7	16	6
165	17	23	8	17	15	21
166	1	5	24	18	27	9
166	2	23	26	16	6	28
166	3	4	25	20	8	24
166	4	9	22	3	13	1
166	5	21	7	17	14	27
166	6	15	6	2	18	12
166	7	19	3	28	25	10
166	8	1	23	5	20	17
166	9	15	12	24	16	11
166	10	26	13	21	27	10
166	11	3	17	22	7	4
166	12	18	2	19	8	14
166	13	6	4	5	11	9
166	14	10	25	8	12	23
166	15	21	15	7	19	13
166	16	16	14	1	28	11
166	17	2	20	22	9	26
167	1	12	19	6	10	9
167	2	13	22	15	1	3
167	3	17	16	18	4	20
167	4	5	6	7	26	8
167	5	3	28	25	24	2
167	6	9	14	11	23	21
167	7	8	27	3	22	16
167	8	1	26	4	2	19
167	9	14	5	13	24	12
167	10	25	9	17	28	7
167	11	22	11	27	23	18
167	12	20	10	15	6	14
167	13	12	1	24	21	18
167	14	23	13	8	7	4
167	15	19	20	27	3	28
167	16	11	17	26	15	25
167	17	10	2	21	5	16
168	1	2	17	6	12	27
168	2	26	3	10	18	7
168	3	1	15	14	9	5
168	4	28	20	11	8	4
168	5	6	19	16	13	24
168	6	3	21	14	25	23
168	7	11	7	20	2	17
168	8	27	10	9	4	15
168	9	25	22	12	26	6
168	10	18	28	13	5	8
168	11	21	23	2	24	1
168	12	14	10	19	16	22
168	13	3	12	26	17	13
168	14	7	24	4	22	11
168	15	16	27	8	15	25
168	16	20	9	23	19	5
168	17	18	4	1	28	21
169	1	14	28	22	17	6
169	2	15	18	26	19	20
169	3	4	5	16	2	3
169	4	13	27	12	21	23
169	5	25	11	1	7	10
169	6	26	8	28	9	24
169	7	17	13	3	15	4
169	8	19	7	25	14	27
169	9	10	3	23	6	24
169	10	22	11	18	20	13
169	11	5	19	4	12	8
169	12	9	1	14	10	2
169	13	23	18	7	16	12
169	14	21	25	20	5	6
169	15	24	1	27	11	26
169	16	28	23	15	22	2
169	17	16	9	17	8	21
170	1	13	2	16	25	20
170	2	18	23	9	11	19
170	3	4	26	21	7	14
170	4	12	3	5	27	28
170	5	6	8	10	13	1
170	6	24	17	19	18	25
170	7	2	6	9	4	7
170	8	20	14	12	1	3
170	9	26	6	27	23	22
170	10	17	5	11	21	10
170	11	8	25	2	26	15
170	12	27	16	13	28	9
170	13	15	24	6	14	18
170	14	1	12	17	22	16
170	15	11	21	8	3	19
170	16	7	15	28	23	5
170	17	22	4	24	10	20
171	1	8	22	7	20	6
171	2	19	4	26	13	14
171	3	15	27	25	22	17
171	4	7	21	28	9	24
171	5	2	10	18	8	12
171	6	6	27	5	1	11
171	7	10	7	19	16	17
171	8	20	9	3	26	1
171	9	23	5	22	2	14
171	10	24	18	21	13	6
171	11	11	12	4	25	28
171	12	16	15	20	3	23
171	13	27	24	14	19	8
171	14	25	26	23	10	5
171	15	4	1	18	17	16
171	16	9	12	15	11	13
171	17	28	2	19	21	3
172	1	27	10	21	15	20
172	2	3	19	8	6	1
172	3	5	25	11	18	9
172	4	14	20	12	24	15
172	5	17	28	6	23	4
172	6	7	3	2	27	18
172	7	21	22	16	12	26
172	8	13	1	24	25	23
172	9	17	26	2	8	11
172	10	4	19	15	5	27
172	11	10	9	13	28	22
172	12	14	16	3	11	26
172	13	2	6	4	21	25
172	14	12	7	1	19	22
172	15	23	8	10	18	16
172	16	20	14	28	9	17
172	17	5	13	24	16	7
173	1	26	24	15	5	28
173	2	6	20	13	27	11
173	3	25	21	14	7	18
173	4	24	17	12	3	10
173	5	19	13	22	2	4
173	6	1	23	9	28	8
173	7	21	16	26	17	19
173	8	6	18	10	14	27
173	9	8	5	20	7	12
173	10	16	2	1	15	25
173	11	3	11	22	4	9
173	12	5	14	23	2	13
173	13	18	28	1	20	17
173	14	11	24	6	19	16
173	15	22	8	25	12	21
173	16	23	4	27	10	26
173	17	9	15	7	6	3
174	1	12	26	9	1	6
174	2	25	13	23	3	24
174	3	15	17	18	5	22
174	4	11	4	28	8	14
174	5	10	20	19	7	2
174	6	16	9	27	24	21
174	7	20	1	18	26	4
174	8	28	6	5	16	25
174	9	13	8	17	27	10
174	10	12	19	11	23	15
174	11	24	14	2	22	9
174	12	1	3	5	21	27
174	13	7	23	20	13	26
174	14	17	12	6	28	2
174	15	14	16	4	15	8
174	16	19	25	3	9	18
174	17	21	22	11	10	7
175	1	6	21	20	25	19
175	2	27	12	16	23	3
175	3	13	2	7	1	11
175	4	26	28	21	10	15
175	5	9	5	14	17	20
175	6	18	8	24	4	12
175	7	3	15	2	6	22
175	8	27	11	28	26	7
175	9	4	9	19	17	23
175	10	22	5	8	6	13
175	11	25	1	10	14	16
175	12	2	18	26	9	5
175	13	19	10	24	11	15
175	14	28	7	25	12	14
175	15	21	4	13	20	3
175	16	23	16	22	18	1
175	17	8	27	17	24	25
176	1	2	20	27	8	16
176	2	3	6	11	17	14
176	3	24	22	23	2	28
176	4	7	15	16	13	9
176	5	10	25	6	26	18
176	6	1	21	5	24	19
176	7	14	23	4	6	7
176	8	20	28	19	22	27
176	9	9	1	8	15	10
176	10	17	18	21	12	2
176	11	22	14	25	26	13
176	12	11	10	3	16	28
176	13	15	24	7	4	17
176	14	12	18	9	27	13
176	15	26	19	5	3	8
176	16	20	11	25	21	23
176	17	4	27	1	5	12
177	1	25	17	27	19	9
177	2	28	13	2	18	10
177	3	15	26	12	22	21
177	4	8	19	13	11	7
177	5	24	14	22	20	27
177	6	16	11	4	25	5
177	7	8	9	15	23	21
177	8	5	7	10	12	3
177	9	23	13	26	14	17
177	10	1	21	28	27	6
177	11	18	15	14	3	24
177	12	9	20	10	25	4
177	13	2	6	12	16	19
177	14	7	26	17	1	24
177	15	18	5	11	28	20
177	16	22	3	8	4	1
177	17	6	2	16	24	23
178	1	10	3	5	7	22
178	2	4	27	6	15	18
178	3	24	2	20	26	3
178	4	12	28	13	19	10
178	5	17	22	16	11	25
178	6	21	8	7	18	23
178	7	28	16	26	24	4
178	8	11	23	9	20	12
178	9	5	17	13	2	15
178	10	1	23	14	19	27
178	11	3	25	24	8	6
178	12	16	14	9	5	21
178	13	6	28	20	17	8
178	14	14	10	12	4	2
178	15	13	15	21	1	11
178	16	19	22	18	9	26
178	17	27	7	25	2	1
179	1	12	25	7	22	4
179	2	2	3	17	21	11
179	3	5	13	6	14	8
179	4	28	19	15	25	1
179	5	21	9	24	10	4
179	6	26	1	22	27	17
179	7	8	11	2	7	9
179	8	3	12	23	16	18
179	9	27	24	19	11	26
179	10	15	20	10	23	22
179	11	16	7	18	14	28
179	12	25	24	12	13	5
179	13	10	26	8	20	6
179	14	28	21	3	5	2
179	15	14	18	11	15	27
179	16	19	17	23	9	6
179	17	13	4	1	16	20
180	1	26	2	15	8	25
180	2	12	19	21	20	14
180	3	17	10	1	18	5
180	4	27	4	3	28	23
180	5	9	16	26	6	7
180	6	11	8	22	21	18
180	7	7	1	28	12	24
180	8	9	22	14	25	13
180	9	6	5	4	19	15
180	10	11	23	27	2	10
180	11	3	24	17	13	20
180	12	22	27	5	7	16
180	13	4	12	26	17	15
180	14	20	9	14	1	2
180	15	18	25	13	3	19
180	16	16	6	11	10	21
180	17	23	5	24	8	28
181	1	20	15	16	25	28
181	2	17	7	21	14	8
181	3	9	26	3	13	27
181	4	10	12	6	24	22
181	5	20	18	4	11	5
181	6	1	2	25	23	19
181	7	21	8	27	26	12
181	8	15	10	23	17	7
181	9	13	21	18	6	4
181	10	24	11	28	22	9
181	11	19	13	10	14	16
181	12	26	6	11	1	5
181	13	2	3	7	4	20
181	14	23	27	9	12	24
181	15	25	14	18	28	26
181	16	22	2	19	5	17
181	17	8	16	1	3	15
182	1	11	20	12	25	14
182	2	7	5	9	15	21
182	3	28	17	10	27	13
182	4	24	16	8	2	18
182	5	22	1	6	3	14
182	6	4	7	28	19	26
182	7	12	9	17	16	1
182	8	5	23	26	11	25
182	9	15	6	20	18	27
182	10	16	24	19	21	3
182	11	4	23	22	8	13
182	12	14	28	2	26	3
182	13	18	19	15	22	12
182	14	1	4	8	10	11
182	15	7	20	5	27	24
182	16	2	25	13	21	17
182	17	10	18	23	9	6
183	1	19	8	17	23	20
183	2	27	4	2	9	18
183	3	14	15	24	1	11
183	4	6	28	7	13	12
183	5	16	26	21	20	22
183	6	8	3	25	10	9
183	7	5	12	16	15	2
183	8	26	13	4	24	10
183	9	23	21	1	28	22
183	10	18	17	3	12	11
183	11	10	14	5	7	19
183	12	21	6	27	4	25
183	13	13	11	15	28	8
183	14	5	22	26	19	9
183	15	3	7	1	18	23
183	16	25	10	20	24	2
183	17	17	27	14	6	16
184	1	4	28	23	5	16
184	2	6	2	11	19	7
184	3	13	24	9	1	21
184	4	12	8	17	4	14
184	5	28	15	3	22	27
184	6	26	14	7	23	25
184	7	18	10	20	5	1
184	8	9	25	6	12	3
184	9	16	19	15	13	20
184	10	2	27	8	21	26
184	11	24	22	18	11	17
184	12	19	1	12	8	28
184	13	14	3	21	10	15
184	14	23	26	13	6	20
184	15	17	16	4	9	11
184	16	25	18	22	7	8
184	17	27	5	10	2	24
185	1	3	5	28	17	6
185	2	21	4	25	18	1
185	3	7	9	24	8	15
185	4	11	12	23	3	13
185	5	22	4	6	24	19
185	6	10	26	18	16	3
185	7	8	24	14	5	25
185	8	4	1	2	15	23
185	9	27	20	16	25	8
185	10	26	17	19	10	12
185	11	20	18	9	14	28
185	12	13	22	16	27	7
185	13	15	11	1	26	6
185	14	17	21	3	20	7
185	15	12	13	2	14	5
185	16	23	19	27	11	21
185	17	22	28	2	9	10
186	1	4	25	10	17	28
186	2	14	11	27	12	8
186	3	1	7	19	13	18
186	4	21	3	4	5	26
186	5	24	14	23	22	16
186	6	8	17	5	20	1
186	7	7	6	9	2	10
186	8	28	12	20	21	22
186	9	11	16	26	13	9
186	10	15	23	10	25	19
186	11	6	8	16	18	2
186	12	19	27	12	3	24
186	13	17	2	22	14	4
186	14	18	13	15	27	5
186	15	1	20	24	26	7
186	16	25	3	28	11	6
186	17	9	21	17	23	15
187	1	22	15	25	6	12
187	2	16	7	21	23	5
187	3	27	1	14	28	10
187	4	20	19	3	4	9
187	5	18	17	6	24	21
187	6	13	2	8	26	28
187	7	11	15	24	7	4
187	8	1	10	13	16	22
187	9	26	18	12	14	23
187	10	3	9	25	1	17
187	11	2	8	11	19	20
187	12	17	27	7	6	13
187	13	19	16	4	28	18
187	14	5	11	22	3	14
187	15	2	12	20	15	23
187	16	10	9	8	21	27
187	17	25	5	28	26	24
188	1	25	21	22	13	2
188	2	6	28	5	20	1
188	3	14	26	17	15	19
188	4	12	24	11	10	16
188	5	8	13	23	4	3
188	6	28	25	7	21	27
188	7	1	16	19	2	17
188	8	23	6	14	9	24
188	9	20	10	18	22	8
188	10	2	4	26	27	11
188	11	7	23	1	12	25
188	12	9	20	27	16	5
188	13	3	15	7	18	28
188	14	21	14	9	12	4
188	15	15	22	6	8	26
188	16	5	18	11	17	13
188	17	24	19	21	10	3
189	1	11	9	26	7	22
189	2	13	4	25	24	20
189	3	10	6	21	5	12
189	4	3	27	1	15	2
189	5	28	16	19	8	14
189	6	23	17	13	18	9
189	7	4	5	12	1	22
189	8	20	11	14	10	15
189	9	27	19	7	25	18
189	10	8	26	16	23	3
189	11	17	28	24	2	12
189	12	6	21	13	1	14
189	13	16	25	15	9	4
189	14	22	3	17	7	20
189	15	23	10	27	28	11
189	16	19	12	5	6	8
189	17	26	2	18	24	21
190	1	24	6	4	23	1
190	2	9	13	15	28	19
190	3	7	21	20	16	12
190	4	14	24	28	27	18
190	5	9	23	5	2	25
190	6	1	8	27	22	17
190	7	3	10	18	26	13
190	8	21	11	17	25	15
190	9	12	20	8	9	26
190	10	14	7	2	4	10
190	11	18	28	21	19	16
190	12	11	22	6	20	23
190	13	26	1	10	17	25
190	14	15	5	8	24	7
190	15	27	4	3	19	6
190	16	12	1	2	11	13
190	17	5	22	14	3	16
191	1	12	18	27	9	6
191	2	13	23	19	5	10
191	3	22	8	4	21	28
191	4	7	17	26	16	6
191	5	24	25	3	13	20
191	6	8	7	1	11	9
191	7	20	14	2	21	23
191	8	4	26	15	27	5
191	9	6	25	16	12	10
191	10	28	23	24	17	7
191	11	18	14	11	1	3
191	12	19	24	9	22	2
191	13	16	13	12	4	27
191	14	21	28	20	26	1
191	15	2	3	8	15	17
191	16	25	5	14	19	11
191	17	10	20	15	22	18
192	1	14	10	17	8	4
192	2	3	12	18	2	5
192	3	1	15	24	16	9
192	4	26	21	13	19	14
192	5	8	1	23	18	25
192	6	5	9	10	3	7
192	7	17	20	4	11	16
192	8	15	12	13	7	28
192	9	23	27	25	3	22
192	10	19	18	20	12	26
192	11	22	2	28	6	13
192	12	21	11	5	8	24
192	13	25	27	6	20	17
192	14	4	1	22	7	19
192	15	10	15	16	2	21
192	16	11	24	9	28	26
192	17	6	7	23	14	27
193	1	18	15	23	4	14
193	2	13	9	21	10	12
193	3	19	25	7	11	2
193	4	15	6	28	20	1
193	5	16	13	3	24	8
193	6	5	26	22	27	17
193	7	7	4	11	18	21
193	8	9	8	25	14	28
193	9	20	2	5	23	16
193	10	3	19	26	6	10
193	11	9	5	22	17	18
193	12	24	27	4	1	12
193	13	13	22	6	8	11
193	14	2	14	1	26	7
193	15	28	3	12	15	23
193	16	21	17	19	20	24
193	17	27	16	10	25	4
194	1	24	18	16	14	2
194	2	25	21	5	6	15
194	3	7	13	8	10	23
194	4	26	2	15	4	28
194	5	27	3	11	9	20
194	6	22	24	10	25	15
194	7	8	19	2	27	18
194	8	1	9	21	23	22
194	9	12	28	25	16	11
194	10	20	6	3	7	4
194	11	14	12	27	17	8
194	12	5	21	1	3	13
194	13	6	23	26	18	24
194	14	11	10	17	1	19
194	15	16	22	7	12	26
194	16	17	4	28	5	9
194	17	15	14	19	13	20
195	1	2	9	14	19	6
195	2	24	7	20	8	10
195	3	23	17	13	15	27
195	4	21	16	18	5	1
195	5	10	28	3	22	14
195	6	18	26	9	12	25
195	7	4	19	11	23	13
195	8	28	27	2	7	21
195	9	15	24	12	17	3
195	10	5	11	8	16	6
195	11	4	20	18	22	14
195	12	25	1	24	13	26
195	13	9	6	7	16	17
195	14	23	11	26	10	5
195	15	27	15	22	21	19
195	16	2	8	25	4	3
195	17	1	12	20	28	10
196	1	20	13	9	2	27
196	2	14	15	24	6	11
196	3	12	25	5	18	7
196	4	28	8	16	19	23
196	5	3	17	1	26	21
196	6	10	4	6	13	22
196	7	25	14	20	27	5
196	8	12	22	23	24	2
196	9	17	18	28	11	13
196	10	19	26	8	9	1
196	11	16	7	15	3	14
196	12	11	2	12	21	4
196	13	18	10	27	1	8
196	14	22	16	19	25	24
196	15	6	23	21	28	17
196	16	26	20	4	3	9
196	17	13	5	10	15	7
197	1	6	10	17	18	2
197	2	21	9	7	4	12
197	3	20	11	3	27	23
197	4	16	1	13	14	6
197	5	5	28	19	24	4
197	6	9	18	15	11	22
197	7	7	19	17	14	25
197	8	10	16	27	13	26
197	9	8	3	12	23	19
197	10	1	22	2	20	28
197	11	15	26	14	8	21
197	12	24	17	10	20	5
197	13	28	3	25	13	9
197	14	4	8	18	6	24
197	15	7	27	1	2	11
197	16	22	25	23	21	16
197	17	26	12	6	5	15
198	1	11	23	20	7	18
198	2	2	5	13	17	4
198	3	19	24	9	27	15
198	4	14	11	22	12	10
198	5	3	1	28	6	16
198	6	13	20	21	25	8
198	7	12	7	19	22	3
198	8	26	28	14	5	27
198	9	18	6	10	9	19
198	10	3	24	11	21	25
198	11	23	14	4	17	1
198	12	22	2	16	15	8
198	13	7	13	24	28	18
198	14	17	15	25	26	12
198	15	27	21	6	16	20
198	16	8	14	9	1	5
198	17	2	4	26	10	23
199	1	28	10	13	14	21
199	2	23	27	12	1	24
199	3	26	8	22	7	17
199	4	11	16	9	2	3
199	5	21	20	18	15	19
199	6	4	5	27	22	25
199	7	13	2	6	12	8
199	8	24	4	7	3	14
199	9	5	19	1	15	23
199	10	20	26	28	11	12
199	11	17	25	16	18	6
199	12	27	22	14	9	13
199	13	16	21	11	19	4
199	14	8	10	15	28	9
199	15	6	23	5	20	24
199	16	1	3	2	25	18
199	17	10	7	17	26	16
200	1	14	20	13	12	16
200	2	25	8	7	23	28
200	3	27	11	24	17	26
200	4	18	21	5	22	3
200	5	15	9	4	1	6
200	6	25	19	2	10	20
200	7	12	18	23	14	17
200	8	1	13	11	24	22
200	9	18	16	8	4	15
200	10	19	17	12	28	27
200	11	9	5	21	2	7
200	12	15	13	3	10	27
200	13	22	28	26	6	2
200	14	7	9	20	16	1
200	15	10	12	24	8	21
200	16	19	6	25	5	11
200	17	14	4	23	26	3
201	1	17	20	15	25	9
201	2	13	26	18	27	21
201	3	23	22	16	5	12
201	4	3	6	7	8	19
201	5	28	1	10	4	11
201	6	24	25	26	2	14
201	7	5	15	28	13	7
201	8	2	3	23	9	17
201	9	20	4	1	12	22
201	10	16	18	28	19	26
201	11	6	23	21	14	10
201	12	4	27	16	9	24
201	13	1	7	19	13	25
201	14	8	18	3	20	5
201	15	14	2	15	11	6
201	16	21	17	22	24	10
201	17	11	12	8	7	27
202	1	9	6	12	21	26
202	2	17	8	4	25	13
202	3	7	14	18	24	28
202	4	22	15	20	26	23
202	5	10	19	27	5	2
202	6	11	21	1	3	16
202	7	28	25	4	6	20
202	8	3	12	13	19	24
202	9	2	16	17	7	15
202	10	23	10	8	11	9
202	11	27	14	22	18	1
202	12	16	24	5	26	13
202	13	4	21	19	23	7
202	14	6	28	27	22	3
202	15	20	2	10	18	12
202	16	5	17	14	9	11
202	17	8	27	25	15	1
203	1	13	11	18	4	15
203	2	26	3	10	20	7
203	3	21	22	17	28	8
203	4	6	13	2	23	19
203	5	5	25	9	12	4
203	6	7	6	24	1	27
203	7	19	9	14	16	28
203	8	12	17	6	3	15
203	9	25	26	11	19	22
203	10	24	20	14	21	2
203	11	18	23	16	27	25
203	12	8	1	26	10	5
203	13	9	7	13	22	18
203	14	15	24	3	8	14
203	15	19	2	1	17	20
203	16	11	5	21	23	28
203	17	27	12	4	10	16
204	1	15	4	21	6	26
204	2	17	16	20	8	13
204	3	14	10	7	25	22
204	4	28	5	12	1	2
204	5	9	18	3	24	19
204	6	21	23	11	27	8
204	7	20	7	4	15	5
204	8	22	13	23	24	6
204	9	3	28	16	14	11
204	10	23	2	26	9	25
204	11	10	19	17	18	1
204	12	4	27	13	3	26
204	13	2	22	15	11	12
204	14	18	24	5	17	28
204	15	20	19	27	8	14
204	16	12	9	25	1	21
204	17	16	6	2	7	10
205	1	24	13	1	16	12
205	2	22	8	28	2	9
205	3	10	24	25	15	23
205	4	12	14	19	21	7
205	5	3	11	27	2	10
205	6	15	1	26	19	16
205	7	28	23	9	13	20
205	8	25	3	22	11	17
205	9	1	14	6	5	8
205	10	21	18	24	4	2
205	11	6	26	7	20	11
205	12	4	16	19	22	5
205	13	27	15	23	28	18
205	14	13	17	14	21	4
205	15	24	9	6	20	10
205	16	26	12	8	18	25
205	17	7	27	17	5	3
206	1	16	15	10	12	21
206	2	11	25	26	14	13
206	3	2	24	28	19	15
206	4	1	3	21	23	17
206	5	18	11	24	8	7
206	6	16	2	5	13	23
206	7	19	20	22	17	4
206	8	25	28	12	6	18
206	9	26	7	23	21	27
206	10	5	9	6	1	14
206	11	8	10	3	28	4
206	12	9	22	15	27	20
206	13	13	8	5	12	19
206	14	4	1	2	7	18
206	15	17	11	9	10	24
206	16	14	26	3	16	20
206	17	22	21	27	25	6
207	1	9	19	6	3	26
207	2	20	5	8	18	21
207	3	23	17	24	16	22
207	4	28	13	7	15	25
207	5	2	4	12	27	14
207	6	1	10	18	26	22
207	7	6	5	11	17	15
207	8	13	2	21	3	9
207	9	23	25	20	24	1
207	10	19	28	10	4	11
207	11	8	27	16	7	9
207	12	14	12	17	10	23
207	13	27	21	19	5	15
207	14	3	16	25	28	1
207	15	26	4	2	8	24
207	16	18	6	11	13	14
207	17	7	22	20	3	12
208	1	25	5	10	18	3
208	2	23	4	8	6	17
208	3	1	14	15	22	13
208	4	16	18	11	9	12
208	5	24	23	7	5	19
208	6	17	20	28	26	27
208	7	21	16	14	25	2
208	8	15	3	4	23	9
208	9	12	7	13	27	10
208	10	21	1	19	11	6
208	11	5	8	26	22	16
208	12	11	13	2	20	17
208	13	25	24	9	4	27
208	14	10	7	28	6	21
208	15	3	19	22	14	8
208	16	26	15	18	2	23
208	17	24	20	1	12	28
209	1	27	6	25	2	8
209	2	26	28	13	21	17
209	3	14	15	24	7	11
209	4	22	23	9	10	1
209	5	18	19	12	20	4
209	6	28	3	16	2	5
209	7	6	8	23	12	24
209	8	19	27	17	14	10
209	9	7	26	1	4	11
209	10	20	9	5	25	13
209	11	17	12	3	22	6
209	12	23	11	18	16	27
209	13	8	21	20	9	28
209	14	2	17	15	1	7
209	15	5	14	4	24	26
209	16	10	25	16	13	19
209	17	15	22	21	18	3
210	1	16	17	21	24	8
210	2	11	4	22	28	25
210	3	1	20	23	3	13
210	4	12	26	9	8	15
210	5	6	18	10	4	5
210	6	25	23	14	17	7
210	7	13	27	8	28	1
210	8	15	10	20	11	16
210	9	9	22	14	7	18
210	10	24	21	27	5	2
210	11	19	28	12	23	14
210	12	4	3	24	6	13
210	13	9	18	17	26	19
210	14	12	5	11	2	22
210	15	21	1	25	15	3
210	16	7	26	6	16	20
210	17	10	2	27	19	1
211	1	28	10	26	22	24
211	2	4	1	17	9	16
211	3	5	14	15	27	20
211	4	8	19	3	23	11
211	5	18	13	22	6	2
211	6	12	25	7	4	21
211	7	14	16	15	28	18
211	8	27	3	2	26	12
211	9	11	7	1	8	5
211	10	24	9	6	19	25
211	11	22	10	21	20	23
211	12	17	12	13	15	5
211	13	9	24	18	27	16
211	14	2	11	28	25	17
211	15	20	8	14	1	6
211	16	3	23	4	10	7
211	17	13	11	19	21	26
212	1	11	25	26	10	8
212	2	27	17	4	28	6
212	3	5	14	10	9	21
212	4	19	22	27	7	28
212	5	3	24	5	1	26
212	6	2	16	8	17	23
212	7	13	9	11	7	12
212	8	10	15	24	20	25
212	9	21	6	18	14	3
212	10	26	28	2	23	9
212	11	15	4	8	13	22
212	12	1	5	23	12	18
212	13	16	6	7	15	19
212	14	25	2	3	14	20
212	15	22	27	5	11	24
212	16	17	12	1	16	21
212	17	20	18	19	13	4
213	1	21	7	2	24	9
213	2	4	26	16	14	22
213	3	28	25	18	17	5
213	4	6	11	12	20	27
213	5	8	15	3	19	24
213	6	1	13	10	2	9
213	7	23	4	20	16	28
213	8	17	8	13	24	14
213	9	25	19	23	26	12
213	10	11	21	27	1	15
213	11	22	3	7	5	10
213	12	18	23	25	13	6
213	13	14	12	9	11	4
213	14	26	20	22	21	19
213	15	7	8	17	18	2
213	16	15	1	28	6	10
213	17	16	27	5	3	9
214	1	6	14	19	5	2
214	2	13	18	26	3	27
214	3	15	22	4	25	17
214	4	20	24	11	23	7
214	5	12	28	9	8	6
214	6	14	1	25	27	26
214	7	2	16	13	22	23
214	8	10	15	12	17	3
214	9	28	21	8	18	1
214	10	5	20	16	25	11
214	11	9	6	22	26	7
214	12	24	10	28	14	16
214	13	23	27	21	19	17
214	14	8	11	18	10	4
214	15	7	3	13	5	28
214	16	19	9	15	24	1
214	17	4	2	20	12	21
215	1	17	26	5	23	15
215	2	18	24	8	20	22
215	3	14	21	23	7	13
215	4	1	4	2	6	22
215	5	16	17	27	9	10
215	6	11	2	28	15	18
215	7	24	7	19	12	25
215	8	3	17	6	11	20
215	9	5	13	26	4	10
215	10	27	12	1	28	14
215	11	3	25	16	21	8
215	12	27	15	7	20	18
215	13	19	9	14	8	23
215	14	22	1	11	25	13
215	15	21	5	10	6	12
215	16	2	26	24	16	20
215	17	9	28	3	19	4
216	1	12	16	22	1	8
216	2	9	14	15	2	25
216	3	20	8	5	13	27
216	4	6	16	3	11	2
216	5	7	18	12	17	26
216	6	23	10	6	27	25
216	7	4	7	28	21	15
216	8	10	20	14	17	19
216	9	13	6	24	26	21
216	10	28	19	11	22	16
216	11	18	23	1	3	4
216	12	25	22	21	9	5
216	13	26	14	8	15	11
216	14	24	27	4	12	3
216	15	19	18	13	10	2
216	16	8	9	20	1	7
216	17	23	5	17	24	28
217	1	22	8	14	4	23
217	2	12	13	9	16	15
217	3	26	19	1	5	20
217	4	11	21	22	18	24
217	5	7	2	25	10	8
217	6	13	17	6	22	27
217	7	14	20	28	3	26
217	8	17	11	23	15	9
217	9	5	25	18	4	14
217	10	8	10	21	13	3
217	11	2	6	15	19	7
217	12	1	3	12	17	24
217	13	28	2	27	21	26
217	14	16	7	4	23	5
217	15	6	24	25	9	1
217	16	10	12	20	11	28
217	17	18	25	19	27	16
218	1	24	22	7	14	3
218	2	9	23	26	10	18
218	3	25	12	20	15	13
218	4	4	1	17	11	19
218	5	7	28	5	8	27
218	6	20	15	3	23	18
218	7	11	24	10	16	27
218	8	17	21	9	19	13
218	9	3	28	25	7	1
218	10	21	14	16	18	6
218	11	22	5	23	2	12
218	12	15	4	10	8	6
218	13	27	1	21	26	11
218	14	4	13	24	28	16
218	15	2	8	19	12	14
218	16	20	5	9	6	22
218	17	4	26	2	25	17
219	1	15	27	22	3	19
219	2	1	10	2	14	24
219	3	5	7	18	11	19
219	4	28	6	8	26	23
219	5	21	4	17	20	22
219	6	3	11	14	9	13
219	7	18	8	25	12	17
219	8	13	16	1	26	7
219	9	15	5	24	4	21
219	10	6	23	27	25	11
219	11	2	20	4	9	28
219	12	26	17	14	7	12
219	13	16	22	15	28	10
219	14	23	13	18	1	20
219	15	6	3	24	2	5
219	16	25	19	16	21	8
219	17	27	10	12	22	9
220	1	14	23	5	16	1
220	2	24	15	26	8	25
220	3	9	18	28	17	22
220	4	27	6	13	4	14
220	5	12	11	3	23	15
220	6	10	2	7	21	20
220	7	12	16	6	18	19
220	8	5	13	11	25	28
220	9	19	26	10	3	4
220	10	22	1	20	24	2
220	11	8	7	27	9	17
220	12	16	21	26	18	3
220	13	28	19	12	13	24
220	14	7	25	22	10	14
220	15	26	9	11	5	4
220	16	8	17	6	1	20
220	17	23	15	21	27	2
221	1	2	3	13	17	25
221	2	20	28	9	14	27
221	3	10	12	6	26	5
221	4	3	4	1	19	25
221	5	7	27	16	15	13
221	6	11	21	9	2	12
221	7	5	22	19	13	8
221	8	1	18	15	28	6
221	9	14	11	21	24	23
221	10	25	4	7	20	16
221	11	18	9	8	2	3
221	12	28	26	23	22	21
221	13	18	24	17	27	10
221	14	13	8	4	12	11
221	15	17	14	15	5	26
221	16	16	7	22	6	24
221	17	19	20	1	10	23
222	1	6	20	11	3	14
222	2	13	10	18	21	9
222	3	8	26	27	25	22
222	4	24	19	7	28	23
222	5	15	2	16	5	1
222	6	14	12	27	4	18
222	7	17	24	28	20	13
222	8	21	6	4	8	15
222	9	9	1	26	7	12
222	10	10	28	25	14	5
222	11	19	17	22	11	2
222	12	3	16	8	23	9
222	13	21	25	12	20	15
222	14	4	23	24	7	6
222	15	22	18	2	13	1
222	16	27	5	17	3	10
222	17	26	14	19	16	11
223	1	23	13	2	27	7
223	2	12	21	3	19	28
223	3	25	9	5	24	18
223	4	1	22	10	15	14
223	5	8	2	18	28	11
223	6	20	16	6	26	17
223	7	4	7	11	1	27
223	8	9	15	13	6	19
223	9	3	25	23	22	16
223	10	12	13	24	15	26
223	11	17	8	10	16	4
223	12	5	14	20	19	21
223	13	2	9	4	18	26
223	14	11	22	23	12	10
223	15	6	17	14	1	28
223	16	20	27	25	24	18
223	17	7	3	21	5	8
224	1	28	5	15	12	16
224	2	22	19	26	27	23
224	3	20	11	4	8	24
224	4	14	18	2	3	7
224	5	23	10	28	9	6
224	6	1	24	16	17	11
224	7	25	13	14	6	2
224	8	18	15	17	7	21
224	9	27	4	9	1	19
224	10	8	12	5	22	20
224	11	13	3	1	21	10
224	12	11	28	7	26	25
224	13	24	27	8	14	15
224	14	5	23	12	13	4
224	15	19	6	18	25	21
224	16	26	16	20	10	9
224	17	15	17	3	2	22
225	1	21	20	27	7	13
225	2	9	5	11	6	3
225	3	4	10	23	25	15
225	4	16	18	22	14	12
225	5	28	8	13	26	3
225	6	21	25	17	9	1
225	7	22	24	20	4	28
225	8	18	14	13	23	11
225	9	10	7	5	19	17
225	10	3	27	28	2	12
225	11	26	20	15	18	6
225	12	14	21	16	4	9
225	13	25	12	1	23	8
225	14	10	19	24	11	15
225	15	27	1	2	16	5
225	16	7	22	6	13	17
225	17	24	26	19	8	2
226	1	1	15	18	5	26
226	2	2	23	20	10	8
226	3	24	6	12	21	27
226	4	9	7	14	15	25
226	5	27	5	13	17	8
226	6	21	28	9	11	22
226	7	13	2	25	16	4
226	8	23	28	7	19	1
226	9	6	9	3	4	24
226	10	12	17	26	22	7
226	11	11	10	8	18	16
226	12	17	3	19	14	20
226	13	2	4	21	28	5
226	14	16	3	12	23	18
226	15	19	6	25	27	22
226	16	1	26	10	24	14
226	17	15	11	3	20	13
227	1	28	25	17	10	18
227	2	22	8	1	11	13
227	3	4	27	16	28	15
227	4	23	14	24	21	17
227	5	5	18	19	9	20
227	6	6	12	28	25	14
227	7	15	9	8	22	7
227	8	11	26	27	3	25
227	9	16	13	24	12	19
227	10	26	4	14	18	23
227	11	8	1	21	5	6
227	12	17	20	9	27	23
227	13	12	2	10	7	6
227	14	3	1	5	24	22
227	15	13	21	26	11	2
227	16	20	16	3	7	10
227	17	19	15	4	17	2
228	1	14	21	22	18	27
228	2	23	24	9	15	2
228	3	12	18	7	4	1
228	4	5	23	11	6	26
228	5	8	19	10	28	21
228	6	7	11	25	17	16
228	7	14	10	2	13	20
228	8	18	25	15	3	24
228	9	21	16	6	20	12
228	10	10	22	17	26	4
228	11	14	27	19	8	3
228	12	13	12	28	1	9
228	13	25	20	23	2	5
228	14	27	24	26	16	1
228	15	7	8	6	13	4
228	16	15	5	22	19	11
228	17	17	3	16	9	28
229	1	1	23	15	21	16
229	2	22	4	20	12	25
229	3	19	2	8	9	26
229	4	28	6	27	11	18
229	5	16	14	13	5	17
229	6	24	7	21	10	3
229	7	20	15	14	8	28
229	8	26	22	25	24	21
229	9	4	10	5	12	27
229	10	6	18	1	22	3
229	11	19	13	23	25	7
229	12	2	11	17	24	9
229	13	18	28	7	20	5
229	14	10	26	15	6	13
229	15	11	1	4	14	19
229	16	3	17	12	23	8
229	17	9	22	2	27	16
230	1	4	9	10	22	12
230	2	3	11	20	26	7
230	3	8	19	24	16	6
230	4	25	9	5	1	10
230	5	18	3	21	17	4
230	6	23	6	22	2	28
230	7	15	20	12	27	19
230	8	13	14	2	7	9
230	9	10	15	11	18	21
230	10	1	17	16	6	20
230	11	22	24	28	13	14
230	12	26	4	27	3	23
230	13	25	5	18	8	24
230	14	2	1	11	14	12
230	15	7	16	23	15	8
230	16	21	13	18	19	27
230	17	17	28	26	5	25
231	1	12	8	26	21	17
231	2	20	23	3	13	22
231	3	27	6	14	25	10
231	4	9	5	24	12	11
231	5	16	15	13	28	4
231	6	10	2	7	1	18
231	7	14	26	3	15	9
231	8	11	25	20	4	21
231	9	17	27	8	1	18
231	10	28	2	23	10	24
231	11	5	19	6	7	22
231	12	16	25	1	2	15
231	13	24	12	13	18	26
231	14	9	7	27	23	11
231	15	28	3	19	16	5
231	16	8	21	4	22	14
231	17	6	19	9	20	17
232	1	25	13	9	18	23
232	2	15	21	2	27	5
232	3	12	14	17	24	7
232	4	20	1	19	4	26
232	5	3	8	11	28	10
232	6	22	17	15	1	13
232	7	12	3	6	2	25
232	8	21	16	10	9	8
232	9	6	4	5	23	14
232	10	18	11	22	16	20
232	11	7	28	21	26	1
232	12	2	27	8	20	24
232	13	19	13	10	5	25
232	14	11	12	6	17	15
232	15	27	9	28	22	14
232	16	1	18	23	3	19
232	17	7	24	16	4	26
233	1	17	2	18	10	20
233	2	26	6	7	27	11
233	3	14	16	5	23	21
233	4	4	19	12	28	2
233	5	1	9	13	3	24
233	6	22	26	25	15	8
233	7	23	17	21	11	28
233	8	3	10	15	14	27
233	9	25	20	7	12	9
233	10	24	22	18	19	16
233	11	4	8	1	6	13
233	12	5	7	22	2	3
233	13	27	23	1	10	12
233	14	19	11	4	25	17
233	15	13	20	14	21	16
233	16	28	18	24	15	6
233	17	26	5	9	8	2
234	1	15	13	20	8	23
234	2	10	22	12	21	3
234	3	5	24	27	20	28
234	4	9	18	4	15	7
234	5	23	26	19	6	10
234	6	2	1	14	25	11
234	7	13	5	17	26	18
234	8	16	25	3	6	27
234	9	8	14	28	7	1
234	10	13	10	11	16	24
234	11	6	21	19	9	2
234	12	26	17	16	14	12
234	13	24	23	9	22	4
234	14	21	15	7	19	25
234	15	11	12	8	5	18
234	16	20	28	26	1	22
234	17	27	4	2	17	3
235	1	14	26	20	18	6
235	2	7	27	13	11	22
235	3	2	16	28	8	25
235	4	1	23	21	17	24
235	5	5	12	10	4	15
235	6	21	2	4	13	26
235	7	18	27	23	19	28
235	8	6	4	8	7	3
235	9	9	14	25	24	21
235	10	11	20	1	5	15
235	11	17	22	16	13	10
235	12	3	19	26	12	9
235	13	22	15	2	23	6
235	14	12	1	27	25	8
235	15	20	7	24	10	19
235	16	11	3	17	14	5
235	17	28	9	12	18	16
236	1	8	17	27	9	20
236	2	2	24	7	12	5
236	3	10	18	4	14	22
236	4	28	11	6	21	1
236	5	25	13	15	3	19
236	6	16	23	5	26	27
236	7	17	7	18	8	14
236	8	19	21	22	20	12
236	9	9	10	3	28	1
236	10	8	21	11	24	23
236	11	15	28	26	2	17
236	12	23	6	14	13	12
236	13	4	1	16	11	19
236	14	22	8	25	26	10
236	15	5	15	9	27	13
236	16	18	16	2	6	7
236	17	24	25	3	20	4
237	1	20	26	16	21	27
237	2	8	10	11	19	2
237	3	1	22	18	5	4
237	4	27	12	24	15	14
237	5	6	11	25	17	9
237	6	3	7	21	13	28
237	7	19	14	23	2	20
237	8	26	6	10	1	16
237	9	23	25	28	4	7
237	10	24	3	8	22	6
237	11	18	12	15	9	26
237	12	21	5	6	10	17
237	13	16	20	22	7	11
237	14	25	24	17	1	13
237	15	15	8	19	28	14
237	16	3	2	12	23	18
237	17	13	4	9	27	5
238	1	14	5	3	16	22
238	2	12	13	11	28	26
238	3	27	4	17	24	19
238	4	7	9	1	15	21
238	5	23	18	26	10	25
238	6	20	6	5	2	16
238	7	10	9	14	11	4
238	8	16	19	13	8	12
238	9	28	27	18	24	6
238	10	2	15	21	3	26
238	11	22	17	7	25	23
238	12	18	11	20	3	8
238	13	25	21	12	5	1
238	14	15	10	13	6	24
238	15	4	20	8	9	23
238	16	14	1	2	27	7
238	17	17	28	22	19	15
239	1	21	1	20	18	13
239	2	19	25	7	26	14
239	3	4	16	15	11	23
239	4	25	27	10	20	28
239	5	24	8	5	17	2
239	6	9	22	6	21	27
239	7	7	15	20	12	3
239	8	19	5	1	23	9
239	9	13	28	14	6	4
239	10	26	24	2	22	11
239	11	18	19	27	16	17
239	12	10	8	28	7	5
239	13	1	3	12	14	17
239	14	6	23	8	22	15
239	15	5	26	13	11	18
239	16	16	24	25	9	3
239	17	12	2	4	21	10
240	1	11	27	15	25	12
240	2	26	9	19	20	6
240	3	17	13	23	3	10
240	4	18	7	24	4	21
240	5	12	22	16	2	28
240	6	27	10	26	8	1
240	7	20	25	28	4	5
240	8	6	17	18	1	2
240	9	9	11	19	7	13
240	10	24	14	5	23	21
240	11	10	18	15	25	16
240	12	4	3	6	12	8
240	13	1	2	27	13	20
240	14	23	26	14	16	7
240	15	22	19	5	15	24
240	16	3	28	21	17	11
240	17	8	14	25	22	9
241	1	28	12	24	26	20
241	2	7	17	10	15	9
241	3	3	23	1	19	18
241	4	2	21	16	4	25
241	5	13	27	11	14	22
241	6	15	6	3	5	26
241	7	21	8	9	28	18
241	8	11	2	24	10	19
241	9	6	5	23	7	12
241	10	14	20	4	1	15
241	11	22	7	19	21	27
241	12	8	11	13	6	25
241	13	20	16	17	23	28
241	14	5	10	22	18	13
241	15	12	25	1	24	19
241	16	26	4	17	27	3
241	17	14	9	2	16	8
242	1	15	23	21	11	27
242	2	16	6	4	19	1
242	3	9	24	8	5	17
242	4	10	20	14	18	7
242	5	13	28	3	25	2
242	6	1	26	11	12	22
242	7	28	4	27	10	24
242	8	5	16	26	8	7
242	9	23	12	9	13	20
242	10	25	21	6	17	14
242	11	2	22	15	24	18
242	12	7	19	28	3	5
242	13	11	20	9	10	6
242	14	4	13	26	2	21
242	15	22	1	25	27	23
242	16	19	18	8	12	14
242	17	17	3	10	16	15
243	1	16	24	6	18	13
243	2	5	14	4	19	10
243	3	3	8	1	15	20
243	4	24	23	14	28	26
243	5	27	12	21	16	8
243	6	17	22	18	9	4
243	7	21	5	20	25	11
243	8	26	19	23	2	17
243	9	20	27	22	3	24
243	10	1	13	7	21	10
243	11	15	6	22	28	19
243	12	10	7	12	11	23
243	13	9	3	18	26	25
243	14	8	15	13	14	4
243	15	2	11	27	7	6
243	16	28	1	5	9	16
243	17	25	17	12	20	2
244	1	18	9	25	7	24
244	2	1	2	19	17	22
244	3	14	10	6	20	26
244	4	9	25	16	15	28
244	5	24	7	17	13	19
244	6	4	3	11	14	2
244	7	21	12	10	22	9
244	8	6	23	24	1	3
244	9	19	18	20	8	21
244	10	12	13	17	5	27
244	11	4	15	7	26	1
244	12	11	16	23	8	25
244	13	21	14	3	22	5
244	14	13	26	28	27	8
244	15	23	20	2	10	15
244	16	7	4	12	6	16
244	17	27	28	5	18	11
245	1	10	19	4	25	27
245	2	21	6	28	23	17
245	3	15	11	24	14	12
245	4	16	5	20	13	22
245	5	7	2	3	27	18
245	6	28	24	1	10	8
245	7	5	25	22	6	4
245	8	26	9	21	19	3
245	9	12	17	18	20	14
245	10	8	26	25	24	16
245	11	18	5	23	2	15
245	12	11	27	9	1	6
245	13	17	22	7	4	8
245	14	19	28	2	12	13
245	15	3	21	16	11	10
245	16	20	15	26	24	7
245	17	13	1	14	23	9
246	1	27	16	8	2	14
246	2	1	10	24	3	11
246	3	15	21	27	6	5
246	4	23	18	11	4	28
246	5	25	12	10	22	26
246	6	2	7	6	9	20
246	7	19	16	15	17	11
246	8	14	3	13	25	28
246	9	12	8	18	19	23
246	10	24	4	20	21	13
246	11	26	1	17	9	5
246	12	27	22	7	28	23
246	13	24	21	16	14	12
246	14	6	10	19	3	9
246	15	2	8	15	4	1
246	16	22	18	13	26	20
246	17	7	14	25	5	17
247	1	5	20	3	23	8
247	2	17	27	9	24	4
247	3	28	11	14	26	6
247	4	22	7	1	16	3
247	5	18	2	27	25	10
247	6	9	15	12	13	24
247	7	20	19	5	4	11
247	8	14	2	22	1	21
247	9	13	26	19	27	16
247	10	25	6	28	12	7
247	11	11	10	8	9	22
247	12	27	14	15	18	1
247	13	23	25	26	21	19
247	14	8	17	7	13	6
247	15	4	16	3	18	12
247	16	10	24	2	23	5
247	17	20	28	21	15	17
248	1	3	13	22	20	25
248	2	21	7	6	11	18
248	3	2	9	26	28	4
248	4	22	19	23	12	27
248	5	1	25	21	8	15
248	6	10	14	16	17	19
248	7	6	24	1	5	12
248	8	7	9	4	16	23
248	9	17	26	11	24	2
248	10	9	27	14	15	3
248	11	8	1	28	20	10
248	12	6	17	4	15	22
248	13	19	18	5	8	11
248	14	16	23	10	3	13
248	15	26	12	20	7	27
248	16	24	4	18	28	21
248	17	13	5	25	14	2
249	1	12	3	10	27	25
249	2	16	11	28	22	9
249	3	23	4	1	26	13
249	4	2	8	17	21	12
249	5	6	19	24	20	14
249	6	5	3	12	7	28
249	7	11	13	23	17	15
249	8	14	21	22	10	26
249	9	25	9	19	7	1
249	10	27	6	2	16	20
249	11	3	8	4	5	21
249	12	16	28	18	1	17
249	13	11	24	8	2	7
249	14	28	15	13	19	10
249	15	18	23	9	6	14
249	16	4	20	27	25	24
249	17	15	22	5	26	18
250	1	13	18	10	21	7
250	2	22	28	2	24	16
250	3	12	4	15	11	25
250	4	21	20	17	23	27
250	5	9	26	6	8	13
250	6	3	2	19	14	7
250	7	17	25	4	10	18
250	8	8	27	23	5	22
250	9	20	11	14	1	28
250	10	15	6	16	19	21
250	11	24	23	25	3	26
250	12	5	1	9	12	10
250	13	18	22	11	3	6
250	14	1	13	27	17	24
250	15	28	12	7	14	15
250	16	19	20	8	9	23
250	17	4	5	26	2	16
251	1	10	14	6	27	4
251	2	11	21	13	16	9
251	3	12	15	24	18	8
251	4	3	28	19	27	26
251	5	20	22	25	7	1
251	6	14	24	21	9	5
251	7	4	17	3	28	8
251	8	25	6	18	13	2
251	9	26	16	1	23	15
251	10	7	5	27	11	17
251	11	2	19	12	22	21
251	12	16	10	5	15	20
251	13	23	13	9	22	28
251	14	10	7	26	8	14
251	15	1	12	11	4	19
251	16	24	17	23	6	25
251	17	9	2	20	18	3
252	1	8	9	12	17	6
252	2	23	7	10	24	11
252	3	6	3	21	1	26
252	4	17	27	22	14	9
252	5	20	19	13	12	4
252	6	27	16	21	25	8
252	7	17	10	20	2	11
252	8	13	23	7	4	5
252	9	19	18	16	24	1
252	10	25	15	28	5	2
252	11	26	14	11	12	18
252	12	28	4	10	6	22
252	13	15	21	3	7	24
252	14	5	25	14	19	16
252	15	28	1	2	20	23
252	16	18	26	15	9	27
252	17	22	8	24	13	3
253	1	27	6	13	10	5
253	2	4	18	2	22	1
253	3	25	3	20	11	9
253	4	7	14	16	23	12
253	5	5	28	26	21	17
253	6	22	11	15	8	19
253	7	21	24	4	27	23
253	8	26	1	12	6	11
253	9	14	25	8	18	20
253	10	9	10	19	28	7
253	11	2	13	17	15	3
253	12	16	20	24	10	12
253	13	6	5	27	1	8
253	14	7	15	9	26	4
253	15	21	2	25	13	19
253	16	24	11	3	28	14
253	17	23	16	17	18	22
254	1	3	27	16	4	28
254	2	11	23	14	25	1
254	3	26	22	7	17	20
254	4	15	3	6	19	27
254	5	18	8	28	21	10
254	6	23	15	25	20	6
254	7	9	21	11	24	2
254	8	1	7	8	16	13
254	9	14	9	22	4	15
254	10	10	26	23	2	12
254	11	13	5	9	11	16
254	12	8	27	2	7	18
254	13	24	12	6	22	21
254	14	5	23	18	3	19
254	15	10	17	1	26	25
254	16	19	4	5	20	24
254	17	12	14	17	28	13
255	1	20	7	1	21	3
255	2	22	28	25	6	16
255	3	8	19	26	4	24
255	4	12	20	17	9	5
255	5	15	2	14	6	10
255	6	11	21	8	23	22
255	7	28	24	18	25	26
255	8	3	1	5	12	2
255	9	13	7	9	24	14
255	10	21	15	27	10	23
255	11	4	16	20	17	11
255	12	25	22	13	27	19
255	13	18	6	7	5	28
255	14	2	8	23	14	4
255	15	16	10	3	15	9
255	16	1	26	21	19	17
255	17	27	11	12	13	18
256	1	7	19	22	11	2
256	2	14	20	28	1	27
256	3	10	17	18	16	24
256	4	25	21	12	9	4
256	5	19	8	20	10	6
256	6	28	5	15	11	25
256	7	23	22	3	12	26
256	8	17	27	15	8	7
256	9	5	18	19	14	21
256	10	13	24	10	22	1
256	11	6	9	16	2	23
256	12	8	13	14	26	3
256	13	17	25	4	7	6
256	14	1	12	23	18	15
256	15	2	28	24	5	27
256	16	21	13	26	16	20
256	17	9	4	11	3	18
257	1	14	6	18	26	16
257	2	19	23	28	17	21
257	3	4	1	13	15	9
257	4	16	12	7	21	27
257	5	14	17	22	10	5
257	6	6	26	11	2	13
257	7	12	25	8	23	28
257	8	15	18	24	13	20
257	9	3	17	25	19	7
257	10	11	9	27	5	26
257	11	1	4	10	28	8
257	12	22	14	2	16	20
257	13	24	6	19	3	9
257	14	18	10	21	25	22
257	15	20	11	8	12	15
257	16	26	24	5	7	23
257	17	27	3	1	2	4
258	1	15	16	5	24	25
258	2	18	9	28	20	23
258	3	7	11	13	4	10
258	4	25	2	22	26	8
258	5	19	16	27	9	12
258	6	3	5	20	21	6
258	7	16	7	1	22	11
258	8	28	15	26	19	2
258	9	6	3	24	8	17
258	10	22	14	4	5	12
258	11	27	23	25	13	10
258	12	17	1	15	24	14
258	13	26	20	4	27	18
258	14	9	2	10	8	12
258	15	21	13	6	1	28
258	16	23	11	3	14	19
258	17	7	21	2	18	17
259	1	9	17	28	11	22
259	2	12	19	18	1	13
259	3	5	10	8	3	16
259	4	22	15	24	20	7
259	5	4	12	23	6	21
259	6	18	8	26	17	13
259	7	24	25	11	27	14
259	8	13	7	12	28	3
259	9	2	4	14	21	15
259	10	5	18	9	25	1
259	11	19	26	6	10	27
259	12	2	16	20	23	4
259	13	8	22	3	15	25
259	14	11	28	21	26	9
259	15	20	6	17	1	14
259	16	23	27	7	13	5
259	17	10	2	16	19	24
260	1	17	12	2	3	27
260	2	24	28	22	4	6
260	3	13	5	14	8	19
260	4	11	21	15	16	18
260	5	26	20	7	25	10
260	6	27	22	23	9	1
260	7	16	25	4	17	13
260	8	6	18	19	2	7
260	9	20	15	12	28	5
260	10	14	3	11	23	10
260	11	1	9	21	8	24
260	12	3	4	26	22	18
260	13	12	1	6	5	25
260	14	15	10	17	19	9
260	15	7	14	16	28	26
260	16	8	27	11	20	21
260	17	24	13	23	6	2
261	1	1	24	27	11	16
261	2	28	22	19	13	20
261	3	23	8	15	6	17
261	4	4	21	10	7	5
261	5	3	26	24	12	16
261	6	25	28	2	9	8
261	7	18	7	14	27	15
261	8	21	13	9	20	3
261	9	10	17	12	18	22
261	10	25	11	19	14	4
261	11	5	26	13	15	2
261	12	20	23	3	1	18
261	13	28	8	27	6	16
261	14	2	9	1	10	14
261	15	26	19	25	23	21
261	16	8	24	7	12	4
261	17	17	6	5	22	11
262	1	22	1	5	19	8
262	2	23	18	20	24	25
262	3	10	27	4	15	28
262	4	12	2	11	13	6
262	5	19	24	9	7	17
262	6	21	12	22	26	10
262	7	4	16	5	17	23
262	8	14	20	6	9	15
262	9	27	8	19	18	24
262	10	16	14	21	3	22
262	11	7	23	8	11	26
262	12	3	25	28	2	1
262	13	13	19	16	15	12
262	14	9	10	18	5	11
262	15	6	4	1	26	3
262	16	27	2	21	28	7
262	17	14	17	13	25	20
263	1	2	21	24	5	22
263	2	11	28	4	18	19
263	3	8	14	23	16	9
263	4	26	12	17	27	20
263	5	13	5	10	4	3
263	6	15	16	1	25	7
263	7	6	23	28	10	24
263	8	1	2	8	11	17
263	9	19	26	18	14	5
263	10	15	3	27	23	22
263	11	21	4	13	8	20
263	12	25	7	12	9	6
263	13	17	1	10	21	28
263	14	9	22	15	24	26
263	15	20	19	2	7	3
263	16	12	11	25	14	27
263	17	18	13	16	22	6
264	1	9	27	3	17	13
264	2	5	10	20	12	16
264	3	11	15	25	3	21
264	4	22	20	7	1	19
264	5	12	14	17	21	28
264	6	4	6	26	18	8
264	7	23	9	22	2	12
264	8	28	11	24	20	14
264	9	26	5	15	1	23
264	10	2	27	19	25	4
264	11	7	8	23	16	13
264	12	10	18	14	27	1
264	13	24	3	6	4	11
264	14	22	25	28	13	8
264	15	16	18	17	5	2
264	16	21	19	6	7	15
264	17	24	26	9	10	25
265	1	16	28	9	4	19
265	2	17	25	3	6	5
265	3	14	21	7	13	18
265	4	1	12	26	27	24
265	5	10	15	8	2	11
265	6	4	23	20	17	22
265	7	25	16	21	1	9
265	8	18	15	2	28	26
265	9	19	10	6	14	23
265	10	20	9	5	8	27
265	11	13	24	12	18	15
265	12	27	4	22	25	2
265	13	11	13	1	19	17
265	14	28	3	10	7	12
265	15	6	20	27	26	16
265	16	5	24	11	23	21
265	17	8	22	14	3	7
266	1	4	26	13	15	14
266	2	7	18	23	3	9
266	3	19	20	10	8	12
266	4	28	7	4	5	1
266	5	26	17	16	11	25
266	6	22	6	2	20	1
266	7	23	13	27	21	10
266	8	3	19	16	24	28
266	9	21	12	4	22	9
266	10	17	2	24	15	14
266	11	25	27	18	6	5
266	12	20	11	3	16	2
266	13	14	23	8	12	28
266	14	26	9	17	27	19
266	15	15	7	20	10	25
266	16	8	1	18	24	21
266	17	13	5	11	22	6
267	1	2	14	21	26	20
267	2	18	28	22	17	10
267	3	12	3	5	19	15
267	4	4	1	7	16	11
267	5	24	25	9	20	13
267	6	8	17	2	12	23
267	7	27	4	20	11	18
267	8	6	7	10	9	24
267	9	5	3	26	28	8
267	10	1	25	19	23	14
267	11	16	22	15	21	27
267	12	11	10	1	13	26
267	13	15	8	6	4	17
267	14	7	5	14	24	27
267	15	9	21	13	2	3
267	16	19	11	28	22	23
267	17	16	6	25	12	18
268	1	24	17	12	4	3
268	2	21	16	25	8	19
268	3	13	28	27	14	22
268	4	7	12	11	2	5
268	5	10	1	3	16	15
268	6	28	21	9	14	6
268	7	26	22	24	7	20
268	8	9	18	12	5	1
268	9	23	2	15	25	4
268	10	20	5	28	17	21
268	11	10	6	13	19	2
268	12	3	15	18	27	11
268	13	25	26	8	14	4
268	14	17	27	16	23	7
268	15	22	24	8	1	13
268	16	18	20	19	10	9
268	17	11	23	26	6	21
269	1	5	10	21	24	25
269	2	6	19	1	27	12
269	3	3	14	22	16	18
269	4	2	9	7	26	28
269	5	23	13	17	11	24
269	6	15	6	5	20	8
269	7	12	26	22	25	7
269	8	28	4	23	18	16
269	9	14	1	3	10	17
269	10	27	21	18	2	13
269	11	25	9	11	22	15
269	12	6	8	27	3	7
269	13	13	16	4	12	10
269	14	1	23	15	28	20
269	15	5	17	19	9	26
269	16	24	8	14	11	2
269	17	12	4	20	21	19
270	1	13	20	25	3	28
270	2	21	15	1	7	17
270	3	2	16	14	26	6
270	4	20	9	23	8	4
270	5	3	19	12	21	11
270	6	4	28	24	27	10
270	7	8	2	9	1	16
270	8	15	13	14	7	12
270	9	22	5	16	19	24
270	10	8	27	18	17	25
270	11	11	12	28	6	20
270	12	22	10	26	3	23
270	13	27	14	13	9	5
270	14	7	11	4	18	1
270	15	19	24	17	15	26
270	16	10	25	5	23	2
270	17	18	22	6	15	21
271	1	1	4	3	5	14
271	2	9	19	2	23	22
271	3	17	7	10	20	11
271	4	16	26	12	21	27
271	5	18	3	25	24	6
271	6	2	13	15	28	10
271	7	23	21	7	4	5
271	8	14	22	24	20	27
271	9	25	1	26	13	19
271	10	16	11	7	15	8
271	11	20	18	2	12	1
271	12	6	16	9	28	17
271	13	26	8	21	10	3
271	14	27	28	11	25	24
271	15	19	17	4	18	14
271	16	15	12	22	5	8
271	17	3	23	13	9	6
272	1	11	18	5	16	10
272	2	9	15	19	8	27
272	3	17	25	21	1	22
272	4	4	6	10	2	26
272	5	14	24	16	12	23
272	6	18	8	28	13	7
272	7	5	3	27	26	20
272	8	21	4	15	14	9
272	9	22	20	17	16	13
272	10	28	5	11	19	26
272	11	17	3	2	4	24
272	12	15	28	23	13	12
272	13	7	25	20	9	18
272	14	24	27	23	6	1
272	15	10	7	8	22	19
272	16	1	2	28	21	3
272	17	12	14	6	11	25
273	1	21	2	6	7	25
273	2	27	14	10	19	16
273	3	3	18	9	17	12
273	4	13	6	4	5	22
273	5	1	24	26	28	7
273	6	4	20	8	11	15
273	7	2	27	18	23	5
273	8	25	16	22	3	15
273	9	8	10	21	17	14
273	10	9	26	1	22	12
273	11	11	19	20	24	23
273	12	9	5	14	25	28
273	13	7	2	16	20	3
273	14	12	13	24	8	4
273	15	10	23	27	15	1
273	16	19	17	18	6	28
273	17	26	21	13	11	16
274	1	6	7	12	15	17
274	2	16	9	1	24	4
274	3	14	22	7	18	23
274	4	3	19	25	17	13
274	5	28	22	27	2	12
274	6	8	23	26	18	21
274	7	22	11	10	27	4
274	8	16	6	5	1	8
274	9	20	26	17	14	2
274	10	28	9	19	16	15
274	11	23	14	3	4	25
274	12	5	13	17	7	11
274	13	20	1	19	2	21
274	14	24	12	25	10	8
274	15	27	11	3	21	9
274	16	24	15	28	26	18
274	17	13	10	6	5	20
275	1	17	4	7	19	27
275	2	6	20	8	28	3
275	3	10	18	13	1	14
275	4	5	21	2	11	24
275	5	23	17	12	25	16
275	6	15	5	22	6	14
275	7	7	10	9	26	4
275	8	14	12	28	20	27
275	9	11	3	1	22	8
275	10	19	25	15	2	18
275	11	21	24	23	13	9
275	12	4	26	20	16	5
275	13	25	28	21	1	7
275	14	23	15	11	10	17
275	15	12	8	19	3	26
275	16	2	18	24	9	22
275	17	1	16	13	27	6
276	1	18	1	20	12	10
276	2	7	14	9	6	11
276	3	13	25	4	12	2
276	4	19	17	27	24	1
276	5	20	22	21	4	10
276	6	17	28	16	8	18
276	7	24	7	3	5	13
276	8	21	6	23	14	19
276	9	26	15	22	4	28
276	10	27	20	8	25	9
276	11	5	3	15	23	1
276	12	2	27	16	22	7
276	13	9	12	5	17	21
276	14	13	19	2	8	11
276	15	10	23	6	26	16
276	16	18	24	14	3	15
276	17	25	11	26	28	5
277	1	1	14	11	12	3
277	2	28	10	7	9	23
277	3	27	13	15	21	18
277	4	22	26	4	19	17
277	5	6	24	12	10	25
277	6	14	5	17	8	2
277	7	16	21	24	15	20
277	8	11	13	25	18	26
277	9	3	9	10	27	2
277	10	12	19	5	7	22
277	11	26	27	14	23	16
277	12	8	1	4	6	28
277	13	23	3	20	13	19
277	14	11	2	28	17	24
277	15	4	16	18	9	5
277	16	22	8	10	21	6
277	17	15	25	1	20	7
278	1	18	7	21	19	4
278	2	8	26	20	14	24
278	3	10	18	27	17	11
278	4	1	5	19	25	23
278	5	2	15	26	12	9
278	6	17	8	25	16	13
278	7	24	11	23	4	6
278	8	28	10	3	27	5
278	9	14	22	13	1	9
278	10	4	7	2	15	6
278	11	16	21	28	3	12
278	12	6	20	9	11	17
278	13	18	23	8	22	7
278	14	26	27	12	15	13
278	15	3	16	24	10	19
278	16	5	4	1	2	20
278	17	25	28	22	14	21
279	1	19	2	16	11	14
279	2	27	7	8	5	24
279	3	25	15	13	4	10
279	4	20	12	18	23	11
279	5	22	17	1	26	3
279	6	12	4	14	21	27
279	7	9	6	19	28	8
279	8	21	17	5	23	15
279	9	16	27	7	6	25
279	10	1	9	11	20	22
279	11	23	2	10	28	14
279	12	7	3	6	18	26
279	13	13	22	5	24	28
279	14	20	25	17	10	26
279	15	12	1	16	8	2
279	16	3	18	9	13	4
279	17	15	24	19	20	21
280	1	26	6	24	14	2
280	2	8	5	10	21	18
280	3	17	9	25	27	23
280	4	15	1	11	26	28
280	5	16	13	14	7	20
280	6	19	12	3	4	22
280	7	5	16	15	9	10
280	8	28	20	23	22	8
280	9	6	11	1	19	27
280	10	7	21	26	13	17
280	11	24	22	2	18	25
280	12	4	23	17	1	12
280	13	11	8	27	3	15
280	14	14	19	5	25	18
280	15	9	10	7	24	12
280	16	2	20	21	6	3
280	17	28	4	14	16	13
281	1	24	4	21	27	1
281	2	9	14	26	3	8
281	3	10	28	13	2	19
281	4	20	12	18	5	27
281	5	14	6	22	17	15
281	6	2	7	23	13	8
281	7	21	11	4	9	25
281	8	6	28	18	12	16
281	9	7	25	3	20	23
281	10	17	5	24	2	26
281	11	7	1	22	10	16
281	12	19	15	20	8	4
281	13	11	9	12	14	10
281	14	21	18	6	1	13
281	15	27	17	15	28	3
281	16	26	23	5	7	19
281	17	22	24	11	25	16
282	1	8	25	9	16	21
282	2	4	14	28	7	11
282	3	27	26	2	22	23
282	4	15	19	10	24	6
282	5	13	3	21	12	5
282	6	18	8	1	14	17
282	7	13	27	6	9	20
282	8	12	19	7	11	28
282	9	25	26	3	23	1
282	10	20	10	17	18	24
282	11	5	2	16	4	15
282	12	10	21	26	11	22
282	13	1	23	12	15	28
282	14	17	7	27	2	9
282	15	8	25	4	5	6
282	16	3	16	20	24	14
282	17	18	13	15	19	22
283	1	21	27	25	14	19
283	2	24	4	13	17	23
283	3	3	10	11	18	2
283	4	12	8	6	26	22
283	5	13	15	14	20	5
283	6	23	21	18	16	7
283	7	15	1	9	26	13
283	8	25	28	2	27	8
283	9	5	11	19	16	1
283	10	10	6	4	3	17
283	11	22	20	28	5	9
283	12	14	24	7	1	10
283	13	26	2	25	20	12
283	14	4	16	22	3	27
283	15	6	18	23	19	9
283	16	12	21	17	28	24
283	17	15	11	8	7	3
284	1	6	10	8	15	25
284	2	23	14	3	21	19
284	3	28	26	27	18	4
284	4	17	22	12	5	7
284	5	23	20	16	6	11
284	6	1	27	15	7	21
284	7	11	13	9	8	24
284	8	4	18	25	12	14
284	9	16	17	26	1	2
284	10	19	10	27	22	20
284	11	2	3	6	13	7
284	12	9	12	24	23	15
284	13	20	5	14	26	18
284	14	3	28	22	25	17
284	15	19	2	8	10	4
284	16	16	13	21	11	26
284	17	5	9	1	24	28
285	1	18	8	17	13	1
285	2	11	15	2	25	14
285	3	27	16	12	6	20
285	4	21	23	28	10	5
285	5	7	24	4	19	26
285	6	2	3	18	22	9
285	7	10	1	20	25	13
285	8	26	6	8	27	5
285	9	28	19	11	12	16
285	10	22	7	17	21	20
285	11	25	5	24	2	3
285	12	9	14	7	28	6
285	13	24	27	23	4	11
285	14	8	18	3	15	21
285	15	2	22	13	23	12
285	16	1	4	19	9	26
285	17	14	17	10	16	15
286	1	13	28	16	8	23
286	2	24	11	5	22	18
286	3	26	14	12	8	10
286	4	27	19	7	13	25
286	5	28	23	20	4	3
286	6	15	9	16	17	11
286	7	6	1	22	14	24
286	8	4	12	5	2	7
286	9	3	9	10	27	21
286	10	18	15	28	20	26
286	11	1	2	21	17	6
286	12	9	12	25	18	19
286	13	23	21	2	11	14
286	14	8	24	18	7	16
286	15	22	17	26	3	27
286	16	20	4	1	10	25
286	17	5	6	15	19	13
287	1	7	22	4	15	18
287	2	23	27	12	5	1
287	3	25	16	6	21	22
287	4	14	3	13	9	4
287	5	19	2	28	18	10
287	6	20	7	11	17	8
287	7	15	26	23	24	25
287	8	14	8	27	1	2
287	9	10	13	22	11	12
287	10	17	6	9	28	4
287	11	8	20	19	21	24
287	12	25	5	14	3	17
287	13	16	18	10	23	1
287	14	11	26	13	6	27
287	15	12	20	9	15	2
287	16	21	25	7	26	28
287	17	3	5	24	19	16
288	1	18	21	25	5	11
288	2	27	24	12	6	15
288	3	26	8	16	4	9
288	4	28	11	3	1	7
288	5	19	23	14	22	17
288	6	24	10	28	13	5
288	7	6	16	2	20	18
288	8	15	19	4	1	25
288	9	9	14	26	10	7
288	10	17	13	27	2	28
288	11	12	3	6	23	21
288	12	16	25	24	2	10
288	13	17	12	20	19	8
288	14	21	22	4	27	11
288	15	13	7	15	16	14
288	16	20	1	18	26	3
288	17	22	9	5	8	23
289	1	14	28	19	24	27
289	2	23	3	8	25	13
289	3	1	7	10	5	12
289	4	2	17	15	9	21
289	5	4	20	26	11	18
289	6	8	14	1	28	22
289	7	3	24	25	7	9
289	8	11	15	5	23	2
289	9	27	4	21	10	16
289	10	24	26	17	13	6
289	11	7	18	23	12	20
289	12	16	9	22	26	19
289	13	5	8	18	14	27
289	14	10	19	11	3	6
289	15	12	17	21	16	4
289	16	19	2	13	20	1
289	17	25	15	6	22	28
290	1	6	1	3	15	19
290	2	9	27	7	16	5
290	3	11	25	8	12	17
290	4	21	28	1	18	24
290	5	22	13	4	20	14
290	6	26	21	10	19	23
290	7	5	16	3	17	15
290	8	1	11	2	22	9
290	9	10	15	27	24	8
290	10	13	23	9	25	18
290	11	2	12	14	5	26
290	12	21	4	24	8	22
290	13	7	25	19	27	20
290	14	12	13	16	28	3
290	15	18	10	17	14	6
290	16	28	11	20	21	26
290	17	7	6	23	4	2
291	1	26	8	1	23	16
291	2	25	27	22	10	2
291	3	6	9	24	4	14
291	4	8	5	19	21	13
291	5	3	18	2	11	7
291	6	23	28	27	15	17
291	7	4	5	25	6	1
291	8	24	14	20	12	21
291	9	18	16	19	28	25
291	10	10	22	15	7	12
291	11	11	26	17	27	13
291	12	2	3	28	8	4
291	13	22	20	9	5	10
291	14	1	17	7	13	24
291	15	3	12	11	14	19
291	16	15	21	6	9	18
291	17	20	26	16	24	23
292	1	16	19	17	9	25
292	2	20	22	24	3	15
292	3	28	7	26	6	5
292	4	4	23	11	17	10
292	5	14	2	21	16	22
292	6	9	1	18	27	12
292	7	5	21	13	17	20
292	8	12	6	8	25	11
292	9	27	10	23	26	3
292	10	13	4	14	1	15
292	11	19	21	8	7	28
292	12	6	23	22	2	27
292	13	4	11	5	18	1
292	14	8	24	12	13	3
292	15	16	20	10	9	28
292	16	25	15	26	14	7
292	17	17	19	2	18	24
293	1	10	25	28	12	13
293	2	5	19	11	15	22
293	3	23	8	9	17	14
293	4	3	27	21	20	1
293	5	26	12	2	24	4
293	6	13	22	18	6	20
293	7	28	5	23	25	17
293	8	7	6	16	24	11
293	9	15	18	10	26	8
293	10	9	2	1	7	19
293	11	14	24	25	21	27
293	12	2	4	15	12	16
293	13	17	3	6	1	10
293	14	14	28	20	23	11
293	15	18	7	4	13	27
293	16	21	9	12	19	26
293	17	22	16	3	5	8
294	1	17	7	3	10	4
294	2	24	23	13	2	9
294	3	1	20	14	25	5
294	4	18	17	12	28	6
294	5	11	13	25	16	26
294	6	2	10	5	21	8
294	7	16	18	14	3	9
294	8	19	4	6	20	23
294	9	28	1	24	22	12
294	10	8	15	27	11	9
294	11	13	26	5	6	21
294	12	27	14	16	19	18
294	13	15	28	21	2	7
294	14	25	3	26	4	22
294	15	24	17	7	8	20
294	16	1	10	23	11	15
294	17	22	12	27	13	19
295	1	20	2	13	14	10
295	2	7	24	18	22	23
295	3	21	1	8	16	4
295	4	27	9	28	20	5
295	5	11	25	22	12	17
295	6	19	27	15	21	2
295	7	11	3	24	18	13
295	8	5	10	9	4	28
295	9	12	6	1	23	21
295	10	27	8	20	15	3
295	11	9	22	17	26	18
295	12	4	11	19	28	14
295	13	17	16	2	15	25
295	14	26	5	7	3	12
295	15	10	25	6	8	24
295	16	23	13	1	27	16
295	17	6	14	19	26	7
296	1	20	6	23	2	25
296	2	16	5	10	14	12
296	3	8	7	9	1	11
296	4	21	19	17	22	3
296	5	26	24	27	28	6
296	6	12	8	15	18	23
296	7	14	21	7	10	13
296	8	4	11	5	27	17
296	9	3	26	28	8	2
296	10	24	1	25	9	19
296	11	23	20	16	7	22
296	12	13	15	4	18	28
296	13	6	14	22	3	9
296	14	2	16	11	24	5
296	15	18	12	21	25	27
296	16	15	17	26	1	20
296	17	19	13	4	10	8
297	1	14	15	8	5	26
297	2	21	9	20	11	10
297	3	6	1	22	28	16
297	4	7	27	3	23	14
297	5	9	4	12	24	15
297	6	1	2	18	26	10
297	7	22	13	17	14	8
297	8	7	23	5	4	25
297	9	3	21	18	16	24
297	10	20	27	12	17	6
297	11	28	18	2	19	23
297	12	25	26	13	9	11
297	13	10	24	19	7	22
297	14	17	28	14	1	21
297	15	8	25	16	20	4
297	16	12	2	3	13	27
297	17	5	19	11	6	15
298	1	24	23	27	4	26
298	2	25	14	16	12	21
298	3	2	8	7	6	11
298	4	23	17	9	5	19
298	5	26	16	21	15	13
298	6	4	14	1	17	24
298	7	11	10	27	22	18
298	8	19	20	12	7	1
298	9	13	9	28	3	6
298	10	18	5	20	2	17
298	11	15	22	25	10	28
298	12	9	12	24	8	23
298	13	10	3	26	19	20
298	14	5	22	13	21	1
298	15	18	6	14	15	4
298	16	27	28	8	7	16
298	17	1	11	2	25	3
299	1	20	9	4	2	27
299	2	22	12	28	11	26
299	3	3	23	15	5	24
299	4	16	6	10	17	7
299	5	25	18	1	8	12
299	6	9	21	6	27	5
299	7	16	13	23	1	19
299	8	28	24	14	11	20
299	9	27	8	22	26	1
299	10	10	4	11	23	21
299	11	7	20	25	15	13
299	12	2	18	8	19	14
299	13	4	10	3	12	17
299	14	23	25	6	22	14
299	15	21	7	26	9	2
299	16	28	16	18	3	5
299	17	24	17	19	13	15
300	1	11	16	19	6	8
300	2	1	7	17	27	9
300	3	4	5	13	2	22
300	4	26	14	23	18	12
300	5	24	1	15	10	28
300	6	6	11	20	21	3
300	7	19	5	12	4	7
300	8	13	27	18	10	25
300	9	22	2	24	16	20
300	10	3	15	1	14	9
300	11	17	23	21	28	8
300	12	5	26	10	24	6
300	13	12	11	9	23	13
300	14	14	19	3	25	27
300	15	15	22	7	21	18
300	16	8	4	9	20	16
300	17	26	28	25	17	2
